17844488452167723
17855610235109875
17855284648124836
17844686866140734
17865606514060813
17865950890008043
17865748750060713
17844507925153767
17866778176004948
17864883349060399
17855481484107205
17844328186190153
17859735397070877
17858800885071625
17865347077003451
17844532549142230
17854545259082235
17865476977006541
17855151832125760
17844361690181775
17844465250158793
17855571163117101
17844256984167104
17865894364055210
17844291901151944
17859480082068977
17866093204060836
17844092137188510
17854470037093528
17854423429084389
17866050421019524
17865065812018888
17844302797189724
17844387820177706
17855426722112205
17865769126018446
17844236338153963
17864809783000571
17855286343112020
17844243469183416
17844254848157374
17855303311114360
17844575872136005
17855318485099952
17844161821168121
17865476758004122
17865162586045756
17865641350051983
17864896048017813
17845175494131035
17855209846111088
17865235921018689
17854936054121739
17845166884135243
17855139559115266
17865867532045978
17865474985000667
17844230764147342
17864542681011543
17871147820015878
17865276838062978
17865196225062416
17864987881059343
17854784833120171
17844170044162557
17855077945112651
17864885041063092
17844199720153587
17859057334065459
17844162088144315
17858877595066980
17865503854021444
17855089333098728
17844203017158582
17859060211070006
17859122209071790
17855278171108985
17865468289008825
17844296590150312
17854779931126111
17859110026067751
17844096478156519
17844116650167452
17844113005166839
17866086451019662
17865394660026440
17844040369176508
17855107609104311
17865066595053396
17844055807168729
17864647840030663
17844042337169145
17865748165050526
17844943786133172
17844070465170028
17854973518102707
17854895989114300
17856271237077388
17854098859094874
17864805820016588
17843986042185694
17867962720040441
17844099436165390
17844667300193518
17856428029073367
17864955283009344
17854936966119354
17843916553149123
17865053845003885
17843909035180946
17864481178019667
17872189723017936
17864874547008617
17856418039072428
17854770478120596
17854728070111711
17867772811043018
17854549705122728
17853942475095839
17856071671079368
17855097127112123
17867000359016172
17843969842140843
17865836587041647
17843881984165162
17843883658184596
17844690907135205
17855327341113877
17855108470101913
17865704386059346
17864488684021699
17843805364183470
17865220651005278
17843840305184698
17843840494182233
17843879338193222
17853952348086301
17866209016006077
17854811479117306
17844017377139873
17843788726182289
17865402619002828
17843805913169940
17843819455149540
17864498770050027
17864969233048781
17858990362069195
17854807315103532
