3272935668
2954340089
3966897764
1997739462
1557533713
1101162118
3996294238
1924422378
3967955225
3301187823
35257496
4007072256
3657149619
1798852788
4032632069
3064607026
4029281892
3443384533
4015320154
254198387
3974522517
3257779027
4026558735
3617082030
3994096892
482070770
3987129385
3942463304
4051076189
3985940100
1687043740
51580534
290141313
3548771401
2964658761
3655415951
3707747082
179333653
3513617808
3720047862
1938620401
1744868743
2388503139
2157822743
3111622634
3686220967
2186388949
3636610869
2458668110
2283766167
3713096313
3262757662
4119520377
4033654774
2241372334
1407580974
576164802
3541626631
3620149176
3733430309
3309796781
3735539582
226111188
3305987949
3258442038
2277596740
4088680554
2233839217
435496208
3315905569
2339952177
4077497060
3531798052
3528043099
4086680151
1992546210
14511740
175747727
3414310184
1647473070
3554136251
3901331646
3667835107
1480846531
3157908749
1424361097
5275767
4036563841
2234912623
4069911768
4129113310
1919869308
1273536597
3610840289
2209586795
1966681454
4098807712
4016419294
2028693946
3455813127
3707588944
4100856079
49664392
1929901905
3725411025
4086499311
34968285
3741670745
3289043182
1952864852
3929480111
1135462802
3074697085
3242826829
866037694
3419646077
2905255073
1923737481
3512806810
3883804525
2961740874
3462106389
2999760280
1322613389
531579657
4107090851
2910826914
4020444259
2346635352
3402914458
1905099894
1929174031
3940994276
2354213062
40188632
1588900919
4020707565
30767435
3898244893
3083126597
3534910393
3246701590
2074440648
3321436759
3678122882
3821859816
3765173360
983553915
304628797
595722756
3537559474
3095043543
3586242987
1573839811
3887416573
1971124740
230309696
3045578785
2232297281
345453389
3924322075
1094124200
2893575448
4035756065
3721585508
1408326846
3714202365
3948898279
3929143057
2098681858
1389660466
4103432829
1338501198
2255458973
3117631744
3796425521
3182108548
3319784078
2954208726
3551686817
3315811182
3528562749
3444511679
31098581
2274767172
2010120842
3463910623
3267799633
3052888757
3999448955
266997360
3582287815
1462332403
1757251724
3746694395
1627852330
1709550386
4068238811
2279398799
1628175251
3937924828
4059078141
3218508670
1597796182
3984953851
3550313742
2055128791
3942434655
3270618199
3293314635
3024992901
4102699000
3477762315
4071359348
3994303066
4107600995
3893311421
2230897037
3637124588
3297020098
2273602634
3651105798
3894673957
2428033416
3433223803
4068451945
3241711725
3508107673
3632057257
4099122198
3817611553
1626851025
3628321195
3954969346
1903549777
3920846497
3137800186
4059473170
3071865636
4093107696
3179826692
3038011377
2137032875
3732493577
2284742628
1594384566
1584657412
1719869458
2321384518
2040888111
4103491824
3407660707
4002090952
3859784496
3567571279
3038231165
3905983521
4028694774
4052400170
1528170474
3602898330
3650403203
3669182228
3094277695
4033911041
4095803320
1987702713
4008657757
2011469366
3322981743
3766887522
4093676051
3268318459
3178071757
307390707
3293218651
623643413
3478817032
3675206477
3751848543
3605739136
256059113
4112292484
3484895322
3426860857
3558348062
2902240612
4054286100
1242269016
4115270072
3745703783
2276405474
1639883464
3906868008
3657373562
3765995185
2261108529
3143549609
3920412350
3667339892
3990605154
3988941041
2336011585
3557871671
3407504855
2082332566
980915273
3857163349
1546348914
3859432015
225232212
2339228476
3871742622
3166020837
3708343835
3818717207
3655930829
3118958423
2210622680
2279012829
177239089
1526891226
3697533706
2616137334
3013207293
842696832
3893436145
2633230663
2046938805
3535045541
2252822287
3869834379
2378551422
3496607340
3888477963
1963899336
1115999888
3260902302
3876009526
3299863987
3785813922
3652942106
1752810086
3255793300
3886036157
2727945044
1700367594
506505613
3595626786
3923632334
3694468174
3930206543
2529888705
3008189660
34208203
2993645356
3592292103
2963011642
3560503328
1765246241
3882383211
3586952793
1686205314
4097567176
2256050894
2186451102
4018895521
2625300909
3560057885
3817121103
2157845538
2141908344
3765284503
3875314351
3107776428
398899624
3804478224
2038524735
2985939981
3612196527
733794975
3315939201
3647192336
3274133973
369290132
3689556478
256827870
2979966968
1976875083
1519670424
3873908525
2898582278
3130254161
3409507093
3709023920
3964106775
3836546481
1999132412
3418060264
3965560528
3615471933
2565378497
2210547785
1714683446
3553632299
1652349345
3783007075
3030302720
1440205991
2272007767
3442973475
349905596
1638640357
2870777105
2224145086
3907999597
3974536310
1707272635
2140934656
3272813510
3913793754
3193703724
3630523199
1973792121
185878689
3590454264
3505487934
2713831248
3432185271
184249656
1713903868
1558533502
1792568595
2164344324
2358212034
2257195090
1558204802
3188829235
2342673071
1539673887
2099894512
3909841150
1654574761
2640619971
2207514750
909704614
3557735679
2033088266
1313389950
3621125633
1906266112
1733394580
1730941718
2345647207
3868840965
3187700011
1978727662
1284553450
1618298613
2960044162
1787851469
1755000013
2229330073
3400197382
3672460016
3557019792
3547533926
1681233768
3741865523
3795704565
3802604245
1454106877
614019833
3745931555
3553458923
2949373861
2140616205
1232750936
3183979918
3466634490
1653879797
3308217089
3321864309
1998447762
3287399052
3893355656
3874895184
1717974216
282078480
3123723184
1918191055
3959939721
1375694811
1431619318
1512310733
1995719598
3409803292
3804481430
2209155477
3687258708
3291296966
2048136978
3100093295
1582281716
1016565563
1939972530
1900063096
1323584188
3521474339
3169912697
3778201473
3264660860
3582413771
1521746597
3119499410
3283906224
2516113013
3262957501
3278981687
705286103
3577248688
2366934383
2207281966
1914698978
2277928454
4027518464
1386851800
2393670817
4055153039
3311073358
3558340325
2091824912
3925805068
1429713683
3548670417
1471986739
3061022772
930122390
2965358071
3559649526
2000244854
1303676862
2079344294
2621428341
3554148842
1944156701
4060998943
2177335314
304125629
2297784028
3242163578
206689811
2342524089
1959868045
1414628107
3249226405
3858741430
2006419646
3555517633
2899560463
1533472069
3551234990
1263014524
1466214946
2329965060
3511932420
2359719739
3587136789
2138257784
249445479
3973650311
2532013544
1944520412
2986691518
1931552016
2279125397
3582471609
2630672508
1972645529
3293861738
2995122846
2336783590
1476551562
2278523111
1387391742
2239857687
1463963866
3552884075
3567326065
1223242369
2013751557
48578125
1497103106
5771742
2305892525
3516903208
2526529794
1364156571
3280877613
1299481778
2978653648
3497326225
2935149361
3245022450
280890808
3074089120
2165641406
3179788360
1513749395
238798764
2347243967
1331049898
2203741006
3404983539
3276470472
2973013285
30694158
2843651640
3166236242
3283255370
1917014911
1921088022
2079819310
1921831980
3638295613
1961855746
1655800659
3590859788
2908333858
1226247756
3288355776
2847540441
3010360191
242267239
1689019698
2307178350
3040244016
1044123772
3422925745
3041700140
3973101246
2375499600
1417235417
3806937216
3904818710
3647213673
2214821567
321373713
3126345479
2898393972
1498188871
3188692699
2139969535
2870924915
3103441413
3169233017
1820088408
3503245380
3560298056
344340078
3946739228
1490007666
218518630
2249694183
3954812572
3265648644
3083673449
1815035890
3435814051
3500644405
1603241522
2049826821
2121096437
211567486
3061580195
407422071
2278839015
3514923245
239331207
3466828949
260696945
3512411851
3216248928
3974302357
2397504217
2159052983
2291421009
3503161808
191170446
1394680462
3140847470
1314595185
1426188235
3226277734
2336825218
3947224035
1747254653
2077891540
3777823448
3541023993
2155277505
2190645196
3235098652
2435591649
2299435400
3702688132
3564588199
2368541473
1926909452
3521415887
282100078
1917100036
3713617783
2270533500
1698058684
1582065936
1829856197
2010986639
2018553253
2033756827
3051573679
1806430679
3549371798
3609228770
2210766975
3694298531
333632235
3820059069
2037949210
340136234
3295296520
3755299492
3159835626
1966260184
2435813207
3506996457
2099068934
3187133572
3279402969
1681139564
1063726951
3974172840
3718231205
2421689318
1488511360
249490416
1636242855
3555335505
3300254430
2135209241
2298441490
1941624943
3413843603
2949154788
3184622440
3278146403
3959155827
3599491339
3139149340
1797921435
2954168040
1635910108
3242144601
1823850101
3602711261
1971528233
3747653547
3967254601
176933893
1498186606
2280973679
180165564
346005408
3227219164
201358564
3807153622
352904148
2988887546
2114216203
3696198341
3422072138
3222834182
3546861327
1597102392
4078676504
4014723123
1213432010
1581576204
336319876
3941429991
3123863284
4075142624
3117827081
3186291239
3553115507
1243128200
2944572619
1167161841
3121696726
3889284878
1421201691
2267932625
3230788162
3558292934
1978734090
1580154785
3967205307
1650658895
3542486609
3154947389
997553196
3084376618
3612467867
2909513695
2237651370
2317262632
3055026698
2234182972
1741348814
3184746289
3456215587
1994372263
3489194234
1702383453
3654821774
3849786293
2304207640
281401076
3025826804
2198976679
2318110371
3885276284
349991366
2922912012
3059649659
2880912420
2261327334
3747735568
1021479128
2546568970
2927013555
3679881699
1431982758
3530270215
3597905005
3569253254
2274511628
2985105034
3273514320
1976258948
3715005725
3544805957
2430932751
1917707655
2267835491
3580806956
1972751705
1425225549
1770897128
1313993634
407681755
2952289578
3495600860
3998867118
3007205177
2292851871
289129898
2355274817
3313279627
1421314892
3127605
2548361673
3977471262
2266668810
1616657045
1641673396
3979373596
3554102234
2610536277
2242554588
1329543341
2249256956
3144847146
2360076971
3663922619
1500248
3742847060
2234059750
3546909883
3055526258
3561839267
1245927288
2246141836
2648366252
1623725980
2221404091
2360974767
2219231376
337037078
2086148553
3942606327
3526739225
2004140611
1427838484
3528738773
5892798
2778303899
2036750747
2277722136
1273919720
1146724599
2225905051
305665280
3444515726
1542580130
3551875996
3557672831
1069894299
2028855172
30780713
2251052722
3259201878
3535797178
1718862110
3556424646
2222393823
3294458664
894870924
3230415455
3196906454
1245286118
2019855752
1720277475
1764772262
2254569166
3086626730
2707976399
2054674654
1811810490
3237223889
446987434
1070859248
2253180550
3536779350
3019736934
1327660290
3489575988
3077219866
2231464221
3525178025
1145031036
3486621182
3982893336
2542666740
4042990787
3153762086
3185229580
1599831410
3065411022
1427830277
2377204160
3167561816
2138638082
2962285645
3944886287
1701358955
3268160581
1594113948
2315166361
3998939371
2087249735
3406941743
1951308021
3171758971
310674342
1648820357
3636572467
2748080995
308506799
3229200439
2872666066
2910091675
2096769297
2460461517
3019299109
3824646106
3260642973
3423939123
1726533120
3169092252
3005493008
1645889266
3290655809
3067040290
2182592126
3898329887
1646014891
2065139481
3051566548
2364315904
1493461322
2565483369
3124105157
3694462252
1903949495
3530268947
1476004019
3255677618
673444770
3147680382
2064156656
1954486279
1695680175
3996474739
1648954411
2915378423
3002889208
1370268829
2811277275
2535866003
2082079678
1672380257
3677327157
179959373
3611129193
1978893148
1729087999
3310959273
3086446699
2288591579
2868774811
1641598113
3191956538
2298681960
3216345562
2157153917
1102369028
1637548950
2287813648
3603529343
3134689919
2261126123
3613611050
3076060452
3572549510
1806593632
3135389964
2955182058
3624303307
3122076184
1551199079
2126491769
2261897870
1717051023
3035711980
1595787646
3278264006
3896056768
29202592
1623132109
3131173204
2220147803
3529457160
40432487
2135417027
1574851306
3116465114
2217760903
1127258011
2931708812
3266931676
1461864130
1421522225
2280840077
2455654845
2996032834
2530226636
2947605398
3536002919
2246312094
1702388780
1713397248
3604292200
1442268065
3227719995
2167892152
3166318907
3293641906
3574229712
2292892190
2234428133
3075092470
295523318
3270964226
3042642788
2245996431
3112429463
2320648727
1377928854
146128993
448836247
1423297869
2258629669
3043252571
1749697540
2965544376
3124201324
4014131816
3582387859
3462790349
1811701040
1974722919
3444997697
2348468323
3284248527
1382291618
420631168
4010831227
1938493495
803432059
1602806932
1578309596
1680762900
1063252050
3698589644
1398960164
2987256946
1987341248
2417153687
3404386520
2001472533
4015993082
3254641922
2883417704
1443469484
3590596867
3065398673
521231355
3663282140
3217085373
2282243320
3745443756
3010629217
3174337853
1272129486
2550038671
1948182926
286862984
3063004093
3579350227
1510833123
2043538931
2907355438
2316843731
1480895648
2954522270
3537765712
2943559944
3584004808
2379706185
3533865046
3050641590
2985288274
1511946079
1720431856
3405414335
3710083432
2204975911
3253282028
3088114404
1283703868
1527901358
3234242141
3135152665
2312740236
3178013074
1405773586
217162684
3275770948
3057010904
3534313926
3677450947
2123526091
2960595924
2010578698
3273899848
3926166010
1561902362
3478615081
1743919234
3662557618
3080773881
2882063748
3554941540
3022285016
1565435799
3097802248
196937979
1474387560
2305920517
3309774060
3093284478
3555530763
1304721897
2989448447
2943444343
2307903436
3288178728
3266220235
3489910373
3485106945
3186089344
1615909023
2359656496
3070919061
3526885548
3553611803
840525229
1580501555
3518352189
2876920413
2933859383
289761269
2993501930
144603275
1368887505
2097415856
3230639715
3676293041
2261174732
1133582292
198156142
3252796369
2247155180
2700684846
3041817846
3615750751
2289157051
1978515661
2267813531
2294089048
299080446
187361321
1948843951
3144713986
2247718162
269456825
2280838737
2133457852
3126339730
3226997339
3736464316
3083311446
2991554993
2216000193
1088690316
272761514
3128081212
24687696
1544778064
2205457802
3666248887
2299735453
1662878819
2177936442
1828790355
3024272230
1438556588
2993096816
2977672929
3272115513
1589277101
2247767287
2316723754
3243482745
2298304332
2459668769
2070344421
3568413675
3916699007
2891241718
2868020775
3604868492
2960934401
3998254854
3187327078
1472355458
3238571804
429662084
3586160173
3192814212
3069533009
2259549419
3059433811
3514777706
2323211523
1417323598
3611462958
1838258490
3062577192
3590102036
2580530619
2064432100
3410509012
2061638984
2312006990
2527196226
212634167
2263152682
3062269095
1211034176
3543836169
690738138
31535493
3857826061
2130865838
212197059
3656931983
679758193
2087329246
2725489516
1271954824
2891616024
2160927489
3315225933
2254051737
3295250193
1555241609
1245630934
2034512453
1926163232
3462606040
3073479271
3174015669
3552335169
3113747230
3035440723
2188712979
2881261822
2040961337
1366343902
555190018
3196493237
2302630494
1718180327
1711531115
2233129058
3055146203
1349641073
2262638423
2986937603
2631733084
1603880970
1659154767
2364174607
3125147062
2460013436
2953971011
3052244057
3690990986
645432413
244166753
2291882848
3022320998
3238171645
2198914978
3622804887
1627866178
2133131091
2422201487
3247528618
3030850067
3315145995
2182528005
1449924472
3102932627
1585584326
1779933909
3264993088
1799282401
241255559
3256648257
1982178235
1297156956
3120264499
1814832465
1819294901
3496150457
3168721059
2412860279
1283394960
1799650118
2990181447
2309826764
1829898137
1134844451
2360225369
2312321829
2667598175
328205394
2204660130
3254310542
3146030562
2229115959
2302476485
2883412995
3467902500
1505275979
296352513
3665750664
1798675394
1571143203
4009275622
1636364295
3170306660
2226782225
2876143879
1498738263
2300274437
320530122
3666896823
3232199550
199015603
3145208776
1739295298
2185058653
2013330396
1702447538
2939553115
1554820471
1796165108
2009126266
2228223777
1491654732
830280870
2718111494
2927003496
4073239670
2767987537
2216063361
2271048516
951793645
1360967136
288204074
2068723570
3022323272
3894062374
2239066828
1476228896
2264579694
3238595145
1599174396
3323657373
2990532072
2985648742
2980791290
1430159419
3183561268
3188022765
3303276820
3230960091
228413419
3232931785
3899102115
1704490391
2995878174
3131520834
3204746829
2020778632
627600120
1514014155
3273567145
3010263293
2167451835
1563878628
3041460728
1514833869
3269504887
1544002855
2538393078
2124943108
2186375922
2352378293
2262854235
3307598938
3420251546
3509093657
2279594018
3180773840
3313815897
2322288349
3096878968
2284441562
4663053
2964377651
2870398133
3315386239
2256678100
1107369597
1645313012
1492219526
2118251747
3073695908
1901116319
3089902612
1790196116
2719961755
3106296189
3036536614
3075262809
2920146390
2872565635
1787384885
2299204378
2277635234
2766564302
3193638850
3154467441
2299329004
271181054
3215555925
2254587095
3243254463
3124776950
3104433865
2324134524
3522146988
2204310028
3620162221
3310796078
2978327346
3111680473
217833323
2224243997
3139150073
3145100731
3253476360
3418260112
1716395411
3566951020
1708193692
3921086548
1308493987
2166862379
199386550
3055311858
1743243825
3167930983
2321504468
3092223114
3035326726
3868194882
3299932093
2259303433
2794332987
3524315016
3043765692
3197844891
3308345241
3681612061
3023660945
3310057104
3314398925
3103384283
1299644810
1276539301
1283666223
1286199630
2296304233
2364909751
3219373386
3863656718
2982960130
2280719184
2958594480
178090385
2258697628
3240925968
3005358967
364110641
3166050100
2244604252
2985487459
2265146203
1792114249
1361197335
1956588573
3304065222
3181613658
3710434611
2055674841
3211772173
1555566881
3170304327
1560324967
2252419407
1543084923
1686156438
3280786212
3267956257
2098207158
3698251518
3823144044
1479273887
3537874204
3121645816
3287183032
1216943773
1240398278
3027892561
2177261729
3152901384
2312245890
1913444321
3133932281
3101172514
2390990991
3091675554
1356259528
3315617375
2265975286
2995894308
2043629372
2276227340
3666907710
3701282858
1279842484
2625977942
3184010082
344099212
3628907181
1500615285
3050108073
2895913166
2231016760
3025099033
2230901325
3800594075
3180827614
2219926666
2320473053
1536346022
1755423718
3066112353
3063469042
1753409689
2225302094
3057135481
3251942982
3235242250
3867274083
3136575349
1504184945
3646807898
2691469569
1333822082
3586519046
3257300833
3121774183
2390031998
2435063848
1500258602
1777532200
3254524072
225287937
1445559704
1454700922
2247801768
1332517337
260695841
1920978451
2313914524
1697221131
3206572656
2190102368
304517472
2258317372
2232471542
1984101860
2329241339
3183181833
1642711353
1690947207
1126865531
1909461926
2031330155
1659657969
3255982301
2118107366
1971047854
2128180519
1483729393
1927846449
3066245077
3039671464
1502225875
2969955524
45137277
1740326692
3311843690
2278747644
1332130443
2507736400
1516733327
1390397361
1564297306
1529094727
3136902114
2056687666
1368795411
2045538307
1303072027
1446304758
2587620505
189598676
1795340102
2991370686
2240897765
7447931
2047496706
2186465575
2188422547
2318799
3550232401
338802231
1608508818
1608154095
16047602
3215928304
1489351462
1337621235
3265969473
2268955019
1705770286
2218727034
2527129728
3032721057
1456917647
2352693562
3158785869
1462633222
3242898440
1580093856
1626318562
2535460177
3601038697
1464349934
3707812414
444678392
1029207159
2232237629
1761568872
3290671980
2243343081
2930141135
3805450829
3564878670
2868089307
181070403
3605128318
2374732810
2266481167
1925563299
1907721766
2245254683
2670400501
2183248995
3277861166
1978156749
2227783887
2080339942
2262417709
311547418
2218645642
250677858
2987351875
2213108391
575897368
1573267811
2909452941
3159511720
1397925259
1462988034
1578437017
2070889853
1380801165
3291176504
2273661982
1774417884
1598472938
1599447976
1393963821
1338817687
1163150009
568111777
181447276
2327601007
3612669339
2281815101
3087440428
3077473051
1554829403
1913799322
1534621336
2285444094
1926689344
1024622400
1957290673
2038102115
1822546168
2283672714
3161244817
1181042967
1706811738
2951599479
1763503212
3258617484
1415175872
2015495497
2029814792
3238052861
3270476921
2866616515
2233765346
2463015274
2361507478
3268935277
3588629608
3297597134
3087160697
1481835343
143923257
3316326778
3184209005
1762612416
3297809458
193939987
2409457602
1537505139
1781814219
1696270739
2048642287
3194434388
1326704587
3079492874
2151334423
1530912386
2998017244
13633637
2371068951
1562483064
3027815865
2349830471
2255241850
222541606
1664133526
1726157326
3310386245
1446000882
3218612814
2985406891
2458712442
2094721257
1697069993
1807232357
2951168301
1412263200
3278027359
1380532541
3261540103
3184557275
1447166321
3064532451
3538014570
1461822
1364520
285415654
2160261097
2931451918
3035330089
240300811
3310393347
1816940277
225076763
244277914
2033922172
2157799184
1525921447
2221183097
1523197326
2033162510
1934662391
3099718397
3630289198
2531931967
3312488447
2240683944
3297604418
2896792191
1825617259
31626149
1452841611
2763774434
30286114
2016665182
2179600419
2050096423
2959402278
3246887896
2122475094
1472690278
2279449453
1932514378
2159508318
2234216482
2261296824
2280138905
2293617267
2311751624
2240374622
2258551074
1504448750
1712418628
182115203
2273530134
3752564009
2085100387
1743220275
3536213956
3077509123
2299720551
2451132869
1688143883
3189191788
3001375643
3134454972
1650099687
3548265138
1959788947
2876347649
1464949165
273666934
3542169438
3454946244
2061973291
3226941350
3619690843
2255280010
2029407603
2284595331
2711803482
2201213545
2188885691
1522518109
2198674530
3222367464
1516213199
3134258453
1269526413
1924758896
3027781468
3022671959
3098386910
2235743846
2954526466
1906998283
1431629995
49796062
2013391690
2004692624
3670836881
2885577294
1816811804
3094995756
3803651681
2207508865
2333566139
1903377411
610320382
2963153711
3093435218
2062549218
240331214
1556216272
2066294530
3577288285
1496224646
2198281238
3563068280
3509348663
1959900852
2989025534
2520028514
1478252757
2658843165
2279742288
1764567222
3833750114
3308635015
2189177003
1746520486
3553375459
4037421010
3855294276
3533123086
1522924884
3143505900
3611824670
1608728737
1082096419
1256644445
3268347783
1662021109
351981992
1213624660
2300334813
188244737
270977676
3959462689
3305264732
2931198192
2345618744
3281099335
3121965724
3657039565
3665965507
1960328748
3220724273
3104963306
2463310396
2222492960
307076152
223098636
2259029190
3198502403
2319083100
3260762895
3312581926
2519957620
2312312492
3121255583
1043870640
3081062072
3036985333
182566383
1507802739
2259439693
3707423514
3211945048
2265321263
3917774636
3939919462
2897459039
3250760932
2995860653
3442034164
3535588807
3317922966
3860221261
2204797395
3867342194
3463738107
1334189192
3632296318
3499875276
1501187427
2580528608
3246815692
3508991152
3219710485
3632178642
3665823706
1501826547
1600684876
3226789272
2476739385
3157574919
3006037565
1492938691
1270784636
3736549796
3126643058
3009091524
1629594136
3614323065
2891510396
3166835023
3196121816
2225994068
3121551124
3322459053
3121170031
3937576010
3281191629
3097437733
3237597032
3750027864
3280034561
3141672188
3018432285
3152116521
3242509039
3671541485
3195538689
2513990858
3301859909
24924401
2188122491
2052142612
1409968895
1682042404
2342931330
3585914266
3291246737
1654888650
3578009673
3284461646
3681029510
3055254406
3110194264
2950536692
2352230096
3098861765
2375546616
2246757358
2984407694
2300111782
3920520867
2949398231
3212715467
1651669308
15391585
2860018521
3297153012
1942885279
3721204863
3036802417
3648609386
3238869887
2258825739
1431675830
3183836022
2105695074
2012226983
3090941368
3037126984
2123024649
1765855875
2659221079
2116810959
2310189495
2231266078
2259006665
2492481278
243039322
1706000153
2889074584
3134937969
2165800578
1598774283
1945689325
1521371746
2910529931
2939109321
1632374505
2234450064
1782407998
2226424923
2240902271
247018418
2098462874
2282192081
3058721385
3261219514
1319989864
1822789071
3236636861
2051482052
2892812581
1108814283
3170112898
3683256430
3226487441
2150361059
3910362731
3317683612
3125766312
3135381091
3149022153
2949165112
2205684033
2051314484
2098346367
3033306265
3233875510
3237038816
2302424452
3255273737
1995344132
2263677746
3553838849
3171677961
3281271175
1823039507
21154130
3510549110
514884748
1549703569
3055051157
3268932545
1083221778
2241541733
2198624109
1979919290
3010130672
3782487932
2002421516
2257624150
3265801771
3053502432
2980342032
3264242487
3662615157
2361585971
3258743876
1301001194
2197704250
2055215451
1579170981
2096457376
3160132138
3675578090
23055944
1411448210
2237579040
4027468817
1783669133
2018693067
2192123812
1579103059
3292222112
2099244496
211664733
3321317554
3238519212
2061860886
3583691649
2091092579
2286733611
3709221954
3099269847
1542397378
3122026671
2708071746
2276287797
1610144382
2015891866
3081326820
2172060723
2718800027
3148752987
1482241019
497097694
2977117239
3281057060
2890720467
1969712875
3083281942
3106520344
2136282967
2056506182
509493229
2260413755
1902615206
1504088812
2996641838
1725759225
3184120527
3171465936
1408921407
3421736919
2659045839
1735104627
754827054
186630460
2713823399
1278854842
2020239492
625611360
2580402953
1628307829
3460557522
1429646514
2224798539
10913069
355364172
2183234256
2073005826
2878095620
1701954995
3411069871
2206408183
1363468337
3178745932
1957117334
1468930476
553356042
22749346
1520813873
3107978401
1465875062
2954644249
1565836622
3107046054
194253330
1414795935
1405324828
2025153519
3232776231
427156873
427454266
2138610639
1980925810
2267315017
1464748292
1159021607
1827986324
2110364237
1562521402
1651687382
3054375719
2056674187
277483161
1380847724
2031734031
2871813363
2246265611
2008891537
3212743222
209902211
2369374755
1092900405
1702870025
1414712247
3163616243
2087307094
3238510635
1304697921
2511479599
2233830337
1423337435
3314707047
3508200971
1428838897
1522157927
2348642919
2954639493
239294333
2524624448
1987546560
2288803868
2906504126
1394444008
1393986593
3031102279
2897827213
50795804
1267654196
3310057025
1051699196
2323365156
3252356615
1531227587
3204501856
2077968485
1541385052
546006087
1986625777
1487922499
2295463455
2300067934
1480551982
3048071118
2281415902
938938260
1348335838
1550964145
2086894220
230805371
1454794551
3294088617
1979489705
2236202361
1726275404
2692378966
1463687371
218345880
15862135
3301795938
2896462545
361361557
2182530583
15035759
2104349908
1939453102
2245827691
3109259409
186995242
286675147
2217454785
263513088
1290697990
1093038749
1704877050
250397548
2610848919
2351823151
185903693
2320752394
2881284669
3270277411
283537846
1598305796
1633683819
2150282954
2309638699
1339445533
1523458455
547926267
1706704223
178715130
1678087413
718846740
1940712230
1597708903
1566415632
1213981269
215879089
2525147901
1530226126
2333932193
1417327509
2210836257
1466432789
2131734019
3054490748
1974171482
1924814031
32357303
3236031653
651462073
1306324499
2032594200
3271832522
3701632466
2994504842
2359442371
2157974210
1029079980
1976028516
2240616555
3252425141
253450099
1198220802
2106731536
3155401605
3573529618
3305101905
416653297
2243587863
1777665992
1338093868
1466652849
819119904
3222419555
3253957252
2259284498
2256822036
2094272469
3148950069
3407275730
2234467731
2202821109
1606606299
2910034025
25184446
2989810431
290820114
3641214388
3548570754
3230359996
503866604
3500761592
397401761
2300374437
2059359965
3560653746
2027019081
3099218287
230672725
2189778813
3803371554
3020068556
1525409961
173785365
3880162164
3308220675
2966786006
1636375316
2310469150
3215544059
3136758704
3119881487
1629625613
1511585794
3154216762
2067763618
3275878065
328913939
3162001995
1443790214
1510812701
2093461017
2329346496
3946372685
3257482261
1345512681
1747511238
1941455215
2198211784
1455096137
2260382617
1595577857
1645176234
3439824324
3593300889
1961969754
3000853934
184763903
396883692
239116426
3086871078
3108712930
1717429927
3021223262
3522723771
1393451942
3801529225
54723040
2086637969
504135721
1029567183
911057858
2929268711
3235598414
1531009236
3294034436
3438090302
2327455628
2526684510
303369751
2296748825
2134857880
32091476
3675570454
373483362
3246848229
1470570312
32898430
3674924399
3300368111
2985108745
3259582576
2816632480
3408405654
1397493962
1414826388
1356053936
3096217625
3555938864
2521456084
1924879131
2461813222
3507301664
2981405293
1817001705
3471324147
2251760290
44429825
1981001384
1625944732
2008591816
3231840464
999314056
1330719400
2525603310
1741349130
1709361280
3857357967
519580193
3750063685
3314380411
2342487804
3011625525
2371096744
1509576899
1197295515
3566949677
605424446
785992120
2153533200
2912445931
2257549431
3072883525
2956710282
1626587887
2204156842
1103169450
3294406803
3511674616
2728098918
3954288100
3090793958
3165647259
1943066428
2179222542
1976118681
1694902460
2152598069
1615108699
3407328010
1278291053
1347120648
3778386921
1726668922
3416960
2369895288
3011898627
1409730452
3014762927
2267061079
3976551932
3490957220
2204837197
2526712021
1669724108
1383109986
360940504
2225624658
2278815031
3613352238
2315249744
2134529188
1828887252
2137892562
3587887954
1400995404
1706990981
1704838064
2959319586
3058521651
1292323779
2166368127
2256602435
223512615
47092909
3036614190
1751542664
2164482467
2298334958
1680822954
2307914804
1334795958
2255642620
1750562229
1483849185
2030351630
1913734145
1295719829
3192207703
2190043491
2021233563
2219743947
1995659739
2016978524
3993401404
3247343081
1703826702
3321384659
2397882645
3401256793
1525917237
1909421928
3971475582
1474004999
2937349979
2189609164
3014276818
294940200
1707484319
1779398568
1573737289
2250990184
1571275476
2355162823
3235872671
2309171384
180483722
1557858333
2995573109
3244412575
1582741786
2334044473
218174053
3310411608
3103309790
1643501796
197396986
3011498719
2211330813
1450831090
1451005282
1822960756
3285236606
3172616497
229567059
3286766496
871951931
1826694939
3291474985
2054207085
1598367035
1714562692
1478224725
3038217720
2039655856
194151971
2189580648
1636961647
2163941957
3031563257
2187439016
3493832692
374576278
2650786
3585659548
3901819887
2021001887
410199696
1495936858
1808623873
3123503441
1705714382
1134942458
3676981595
2202733897
1078649331
2086699181
52514537
1931488420
1417442262
2319007365
2147431433
1946492641
1946058464
468687128
2766726936
2260480476
3799374034
3641775982
1906709450
3102853937
3022922884
13809940
1489746134
314623346
2351648616
2230417847
287114272
1437806872
204683632
587319049
312961111
3835446161
1289645246
491395750
1285012528
335098396
3131082545
41393315
411828652
3876508860
1602157779
1530739776
2011016493
1771418682
179202601
3202186117
2025956274
3421975508
1959147074
1558379504
3859193390
1822335162
3858942355
3314211961
1610501658
2953896419
3117456549
2093564744
2927157918
3083706444
2241012337
3252151081
1743674706
3203583222
1742728830
466156617
2065853810
289865491
245896872
3213120935
3053918393
1367359657
3524591796
2875121193
2265308756
421473232
2860539009
2236541992
3526161453
218386544
3871527349
3836136787
3807712207
1455149007
1539410351
1656111193
2195570944
1511655220
550726206
3650600118
3710104700
3461817820
331185828
307497752
1384772092
3708440508
2283275092
3459358057
3231707911
1738187513
3411103305
218160519
3618397289
17283368
2237151876
1092336399
1776239011
3154165606
2137047874
2644620359
3280609094
2261064007
2012086736
3567334557
2250832758
2326170250
3118385767
3576310197
3814932627
3938127572
2053779247
3145527837
2268045583
656409658
1519436424
3238209978
3645914211
1595945702
3080391107
3435376830
3094801046
3247097960
2004238510
3937643132
2151477006
1924621214
215231541
3872711689
1641218005
3099357416
2013877046
3509407361
3944258391
3067255507
1587497121
2934201054
3624720243
2944072868
3620437567
276974508
2537114607
229380538
2964268872
3688895748
3126758757
2948850119
566842723
2969682123
2120275343
3453112677
1528719576
3212189350
3886620421
3119507908
3083876879
1969827538
3182431050
1518414090
1542858593
2223993590
1836094189
2252765201
2533348631
2461891455
3512409847
3229451110
2212805895
3650465310
3273208631
3167519504
1948114357
459155047
2865274264
2537560507
1053426359
2297961615
1575322819
3050187950
1934101580
3945326349
1936478788
3220101910
2001513812
1295950148
3868707037
3644368058
2265715234
1666144752
1368661552
3012859949
2361603084
3141752456
2300794233
2251018901
2252483847
2944604429
2953350507
3260675074
3537296630
3642396743
2310858155
3300120743
3518200951
3557255464
1836493627
3890294846
3277557446
2266235225
2896301687
2314455681
2212353536
1434052513
1587988985
1416166572
2091294212
3826099633
3816056540
3104836111
3186133952
3654156480
1811645504
1377727087
2808250230
1690366894
3072694047
3995424719
3419976915
2533454994
309246457
1109879573
3166243788
42961345
2200293220
3290996065
2124513809
2239014592
1739209000
2023547625
1620862665
2198256188
1495892924
1930131440
3487084919
2312821558
3049840397
239828509
1971158251
964816249
3241601899
2091895276
183326413
2296189653
2115623024
1975304079
2253329609
3038304781
3088298347
244360165
3243064031
2323443283
3106516181
3252451560
1987658224
1686830535
3766779066
3194068429
3908125534
242871553
1649008600
2279510199
3770333145
2178290906
2033251081
614629704
2295132334
2605296852
3483113444
2291616205
3561038186
1971706038
3057167327
2124772944
2290684526
1595152245
3631023876
2373745320
3076494603
2178361297
2002620420
3544854495
187293146
2677790805
3903661245
3641103904
3585217299
3117413704
3074960013
22015748
3069425301
3033433812
1556354495
2890161584
3672957600
535830905
2091626254
1933051365
2342585831
1412978499
2673361300
322821120
2670862099
1557722964
3058669432
1989769925
3086047164
3049764027
1998765583
3241580979
3738649173
3049989121
2957451790
1973064026
1940886717
1492178447
1479657531
2947799702
2246016578
2895923619
3100080152
2865812269
1910085427
1684563300
1776636861
1385549687
3085992830
2714975157
1714783913
2379068709
1642741645
1677794130
3090069516
3069806951
2923323472
1261677505
1277823593
1994267127
1766419959
2247638505
1964255332
2357670106
2292930077
3310562930
2114195510
2320641897
3102299139
1913364861
2015159972
3545657061
2244610265
1561835062
1476811776
2894132256
1809727832
3087735813
2908894945
266426317
1406810216
3000611450
206609899
3182498178
2444743242
3913229400
2173004292
2580008546
2391298474
2934513215
3889738148
3157984937
3658772222
2283559246
3038066416
2312676257
1652644033
1233392531
3038676148
1466621169
1192121671
1933601548
2312300223
2868845118
2134625652
2276363671
2236841561
1720230331
2072604156
3160336094
2025573369
3578639178
494530429
3238929629
2991035536
1668001808
2060655523
3720850583
2132589360
2122938157
1535578907
1223326014
1637919226
1954294776
2226160403
3282788263
1297921251
3532451609
1498224826
2204858596
753604965
2929691422
3066083827
1482450937
3899522135
1574688931
3548853773
2312111280
3663127156
443140421
2244610194
1562319436
838923759
3919417264
1227644743
3105637893
3239673789
2098762063
2122758779
1600197616
3173463220
2211880179
3284216114
3233736652
3457099086
3679947733
392545183
512757540
1553636377
2215169981
2256677408
2941762285
3563949675
2311858831
1299972870
1908947393
3673825858
2222444945
1237308673
3576534081
2323488710
2167608982
1526220506
2204652785
1557049253
41557180
3118336116
2868072131
1204739975
1293832518
2078901492
3509532204
1565497801
1400802210
1738909273
498531727
2144067820
1665137867
2952016783
3170167261
1997474593
2940469653
3447611334
2358397460
2217970889
3283258212
1585975876
2214704781
594096672
2194340651
3648830452
2305505365
3230616383
3134544488
3625553926
2920935736
2348914267
2217476504
3032957409
2742838799
3216614710
2249454988
2071302782
3064893430
1313584781
3094837726
3956590177
2250961552
865265576
1453565069
3012123353
3095292406
3849441556
1438257786
3929994387
3074550945
2097241456
2071810016
2217596135
2956626269
2259109476
3223864647
3093955412
2887693582
3052992465
3886587885
3293202465
2975215950
2463284812
2190593854
1021063505
1365150357
3158976884
1720303190
1767671659
3079044537
1811239816
3054459886
360555241
3925589734
1531347725
1319437031
755821080
1006412915
2298814953
1953404879
21247543
270757865
2320005385
3470312465
3010307416
2066711447
3128329729
2435402836
2336441272
3138536973
2242629695
2172815648
2816993885
2132664593
17015649
2309898087
3020167925
587908417
197180356
1565561310
1485667886
3281348391
2201549721
2273584149
3470815084
803880980
214883233
2983291971
1391686976
3938835077
3310270881
3535721944
298925644
1969120543
1503753411
376886503
1176181158
2288655653
1936185415
1540204127
2242850372
3465330006
3929001473
2890885390
31102621
3938517057
3058283791
2479891270
1609915983
1563589505
1062875906
1707021450
2098531682
2311454070
2214401940
1492840058
429100691
2315653646
1558037770
3802021182
3414720468
2263712946
3044363403
874634970
393209765
3174686074
3526836665
916178039
2098291407
1801950379
1906845972
301760425
3084367735
1583385300
2680259698
3138814741
2214088853
1704718749
1509955028
3130585988
3924935797
3036423793
1967391894
2246073530
2893526673
2929716094
2247670668
1990169479
2304139118
1541170488
2251357714
1174157882
3678817168
2988048932
2927291582
3912866699
1275809280
1959389105
1690196673
2155325630
3929671533
3120635607
1457743038
2708305512
2093428459
3546788624
316669894
3953566450
2760281651
3064115164
11861915
3258082233
1611656399
1137947820
3313008795
2377118118
3666341759
3222735623
320108377
3226967723
2582534423
2543134459
2010633078
2093953752
252543478
1260480526
3265294357
1392716895
3867379374
1537435954
1487934452
2964854277
1716753534
3561066543
1655060236
3060616807
3078797627
1537644109
1696495325
1095638341
3064056229
1806488126
3183337826
2284909505
1553868861
3251776493
1523274161
1199666334
2578080420
3551408391
232252207
2713739925
256671120
1626510990
2028219529
3243962758
2240773776
2291173344
3963402008
3965285822
2275128990
3239378496
3943430287
3926330494
601344411
1788832852
32630000
1632732105
1786376917
3086670612
3647759186
2261494635
633257475
1549096698
2249186614
1986372422
33084300
3174456174
1400978228
3224311312
3961447683
2159204789
3130814373
1297262386
3884367848
1964056811
1565258838
3273361225
2172993162
3632491624
3947122141
1936343676
3017653157
1442381977
3965495414
3238176075
3257767294
1998437646
3546857836
1589040097
1532378029
2974530429
3179914748
1515881669
2304482624
3266122855
3194427638
2877313833
3453542105
3109668300
3025317763
2224563489
2306175966
2249964959
1963742333
1432620759
2309195952
2322614113
3183663786
2257139459
1492238262
3575363373
2917623187
2247498093
3761638170
1918555568
2165581082
1687573181
3027445918
3945650106
1932160517
3017919632
3246789198
1925114994
3208412120
746781940
2148020886
1216352824
8384216
1744164055
217249788
3864235890
1940708800
2027661764
2070220263
3068225650
3598848942
3599877914
1738141391
2218749881
2135857627
3879483957
2845784006
3931010100
3530784054
3914376037
233018486
3943810865
3411571786
3681773915
218560841
3920966596
3638432781
1578242151
3918792433
2883790214
2299810314
2018265385
3891625941
2859516978
1738480631
1700864666
2332804168
2207608275
3057185168
3103364141
1525589454
3674806251
3686706551
2845270725
208418749
2007167689
2989970514
2275443010
2349816961
2811442925
501379363
3310238954
1425007303
3269028443
1926836049
3323603696
3305953761
3975959793
1421677278
260622894
1641504088
2071444826
3617197296
3118473832
3768552331
3061335210
3483380762
3605250712
2289608193
2243860727
3100705630
1999441526
1531385810
3419998508
2186849263
3223041979
1537096233
2622389238
1640693042
3137885725
3829038272
1959565059
2371032648
3492127669
2251953580
3706419666
3206927035
3271179178
3523305108
2318856426
315315578
1554181396
2264179998
3628435317
2163031830
3103984429
3670552168
3485110364
2306795427
200773458
3452155275
601468447
1328824426
1385273167
3916340459
2251771998
3068937699
2933507982
1473010217
1693402588
1955745390
2348393520
1932271240
3241866719
3206742058
2440175
40455643
3112330969
3949195468
2966163098
3124299645
504027873
2271956591
3627615165
3928876462
1127249698
1761103786
3958948940
3027135781
3557554702
1731966877
1802455931
2094106742
2202413195
1450809651
2904915583
3917851136
3157334719
3619730320
1703040261
1956897251
2299544766
3953322673
277429719
2349667808
2607284022
3942612326
3406292454
3245199243
3965911739
2194205947
1171380238
3194427239
2003500423
1681829625
3723733511
1994295073
2277187731
3949620450
3452971034
1479286382
2225371789
2271418248
359650045
3662291102
2239431125
1175072295
2912502072
1321473029
2351798898
3091862873
3032766912
3296595230
1493430181
3494192190
2030224211
3418122301
1386151286
2957888748
2293865833
3672209820
3165887506
3076880683
526697209
2208661502
2849953785
1052626721
1310720508
3696238079
3046624360
3964749821
1478114096
3921122918
2636957681
3806903339
3064717518
1467484032
2987706519
1497429845
178676844
1635362064
2892489722
2069209355
3546626448
1540487776
3936952131
3644083908
2112496921
3312663266
3187513080
3036465614
3738589728
3226566457
3584956241
1638350881
1226182115
226991161
3017637179
3189959231
1276692465
3970662511
3313696776
3058687854
2206300859
1515511334
3126218188
1957708176
2236098176
3635654384
2043445971
3534289986
252667873
3319800655
3988727262
3920637191
1769465055
143898350
1410320151
2987015344
3470430315
262940660
2531900159
3516680117
3274353272
2135465190
2126288453
679963398
3629233917
1099853224
19139208
318685452
3912199755
1432059837
2305816798
3022210508
3302968971
3554069918
3106662441
722762211
2320351934
1371569877
2226998885
2929999621
17380494
1512674726
530007432
3949276919
3431637714
3880411244
2298668626
225071529
3438074645
2049899310
2320217714
1145106378
3319622625
3205508658
504812282
3468272277
2273504095
1367714189
3562158822
1800420579
2694168764
2969250573
3700204781
1722342507
320776345
1527331664
3836026644
691570038
2670252892
1977789408
1205495122
232742330
3978348471
301932092
3234030095
2947868644
2986590553
3646932026
2923579722
3623183226
659174227
1473307782
2198447855
1440130898
1524117218
1394152228
3198178320
3305597619
3405161718
3526163317
1681774758
2897299435
3067784738
499671631
3075159461
2140085804
2318029843
2231815967
3692742992
3124814472
1650841491
2358151057
3643252773
1484384809
2142030043
3425534227
2031101563
1918704335
3534435789
189814745
2903388458
2333264028
1081033120
3268765980
554792806
3281426002
2166224727
3209356718
2303743917
2076494435
340731464
3165712463
1444419087
3970396935
3271812678
2983237568
830843892
2124766687
2805174225
3654782926
3169991280
250154822
2003715846
1577377393
3961856253
2999057917
1981517178
3959596862
2711142048
3159515818
2114815710
3521033944
806800077
2291232389
1584205259
1515754744
3162218702
2983273581
3973029367
3678169085
3896869092
2182885216
3996935394
3193000071
384444933
2097900007
256660512
3229055517
1520899997
2061205207
3448741741
3274232355
2947329662
1935509901
3040322685
1272039933
3799995005
2245332788
2155450519
1037146128
2109169027
2213463267
1436097572
2961367903
3987545134
1445110239
2399414066
3166996702
3658630257
1468681405
2926827570
3141988885
1626643696
3952547312
3423628620
2264838981
2244756297
1522195861
1439152188
2871160154
3402490103
1640763096
3521610129
2952267267
1764696461
1408721775
2249210621
3307268387
1641884334
2201965339
3669246757
263754077
3301510371
3116779642
2924189198
2361759103
3297359067
2152565786
2167141203
1948229004
2265591517
1685442818
3883218657
3908284289
3052608505
3746358422
2269317704
2016842521
3017275693
3262442348
3280996148
55642591
3299856363
2176025141
1632136664
2277321812
3558331937
3683547823
3306948627
1805001638
1532934348
1950374494
3919757514
3013101290
3194446534
2935524215
2978190914
3290359238
2019703233
3912593367
37572976
1551584859
3047621300
9007169
1095166493
3712122162
3401392668
2870171741
2049167400
2263244885
253470763
3836788818
187079960
3525652577
2214206616
2190101662
3273765166
2867887188
1445814663
2322235998
2290139556
1672807775
3111646052
328532627
3412986888
3518980292
32429805
2079366281
1958494894
3420181455
2475949321
3582566124
208858622
1779602019
3566341850
2962927203
3622709858
1923244322
3271147067
3030076466
1821044287
1979545079
3230870513
3223162966
3571036668
2223223071
809542305
1748412546
3289918196
2958836022
3131369368
1739151868
2012518264
3473212724
1920355369
3636074658
1722521627
1975974935
1563713728
3000151344
2916359588
3870301912
1522665335
3926228025
30824472
3283870599
3307328740
3124525872
1208417964
741923569
2285343759
3608929094
2950964956
3159515237
3555041677
2534006940
3599723033
1377108640
2728030495
3596171420
3235152832
3041258655
2936152061
2325155491
3304366509
1786345375
3808500698
3541732973
2272100398
3653336985
3069962972
3246977531
3244913973
1624011175
2247771944
2174558786
3021404889
2306222750
2965285292
3211295726
3138612774
2205909804
3001967390
2932076168
3806257444
3639097024
2143837980
1028630773
2940732525
2297316317
3230969069
3569731737
3069068669
2061845224
1520744171
1324130429
3297031278
3086681612
3956942989
3969522256
3603797244
1105479629
3044288119
3949900432
1442141029
3897127192
1038356441
2476157070
1591698505
3871916819
2134237944
2264608126
3520918159
3612987375
3971981799
3505065990
2030924304
3301519461
829929206
3034910425
2221143843
1745367132
3230149242
2081736234
3969999926
2882014721
3155731575
3618614941
1966133974
2011489425
175413296
3301977406
2905049557
2230584382
3106488103
3466403308
3257113850
3207001793
1428470329
2172293882
3529872013
2218381289
2096100205
3536596454
3956067140
3256577222
3143640925
2177413575
2320892252
1599835957
3069271630
1522142247
2357713069
3585203198
2236329580
3722503796
192281126
1530370325
24703485
1440675085
3879617946
236852795
1443142225
1177768743
2186784720
1556542131
2221148862
3545024462
3033135023
962414824
3256956187
2187211805
1486720255
3610873076
3017364215
1735791356
3141140487
407157573
2976061067
3833248511
1560081283
1450899159
3676270963
1526422449
1633591723
1565144516
3186221114
3208248087
1793170650
3752633591
3046686839
47744113
1058399
12384638
1751677665
1621287995
3947109867
3688310083
1701348198
3629562273
1487460538
1338229655
1556623632
1516753152
2312816497
3921465646
3518291439
2091437864
2868027905
3223664579
2250333584
1637907785
3119459066
2066607455
2017660011
2247592394
2220450402
3834279431
11233657
1538949933
3199122056
2205511370
277641032
2177834798
2903182979
487569705
3822217215
2997223160
2868430817
2087946530
3819281959
1508005904
3552220697
289123562
3652110895
3576420
3930674019
1950601256
1667165387
2871290276
1951037762
2954930608
3154331838
1608338629
3959411834
3149436114
2165142153
3111604804
3546396339
344591523
2108441126
266052446
34819287
2241210175
3525266702
3969285381
3596176714
1237263561
3102420175
2268784698
2763988
381738918
2511073280
2223745901
3970087387
3926634980
3016776982
2734069646
3630895480
3157784739
2519551642
3274498070
1734264916
3747437584
3615089662
3231001888
3315511487
855824511
2978482393
3264302464
3312813658
3091324722
3634123687
3821129151
2939652538
3976984085
2984127704
578947508
1507272273
3936786349
2283315327
2327873731
3139496204
1544549209
3479322300
331267027
3963231794
2007667009
2162876520
3547800640
2660680916
3914274792
3244912336
2970009526
1542358547
3973881122
3083601004
1438831021
3263274017
3088113534
3106501740
498415884
3431015743
2088806936
3232522558
354902694
2367512815
2306384045
3971702218
2696158335
3164767343
1781246576
3112233425
3202561250
3702205069
2314005888
3501119383
331331907
3596745049
1558716202
1131304837
3113560467
2281337970
2727052150
2875278301
2785263866
3690510431
2119377674
2255124471
3719253835
3968351412
3062904359
3071781631
3889910401
3089480437
2300799594
2242523959
3760852948
3420722031
3298342442
2580156630
3961882374
3964357988
3987310497
2269572620
3965565471
3141211805
3929346102
3470452349
1995766381
3985606210
3931987640
3691917844
3858816320
2454082760
2230749117
3244182009
1227384927
3663193528
3912830868
3253227627
3017807483
3884747876
2379323638
1194054685
3123614774
3487471199
1915433343
3572256133
3185963525
3058117449
3631932582
3981907634
1363261471
3938863351
329170666
3490269595
3560654665
3978454331
2237342096
1731455707
2215861576
3202173110
1832870717
2268434404
3230628282
3994739088
3985934770
1556047199
1581323001
2839587619
2307822506
3567990486
3576057527
2293883782
1747819819
3824289180
3981794099
3780340658
3543738180
3977890392
3019842596
3439885747
3586193641
2377674580
3215096799
3102635322
2058589089
3986537049
3613361295
2271405411
2265709098
1573420279
3451142533
3677577617
3248609392
2954925390
2553023604
3484341818
3432461164
3575883363
1649732500
3941292760
3550355555
3650173807
3687802156
1637901704
3574379788
3916342282
3570576858
319076740
1814529449
2462533221
227455994
3268477011
31294905
2237967455
3019134851
403411004
3669055728
526696304
3822553042
3918468292
3020260920
3180814963
1403237079
3682875367
1529226051
2222918006
1721163486
3011853319
3936787007
3064268059
2319033181
1498704581
3934509163
1488098293
1577313234
3518795652
3678715200
3909628708
3008169184
3651764700
3274248993
3801247695
3925628231
3647231019
3174906153
143534411
3917199081
1307457486
3058169093
3546533000
3822620040
1401546380
1093410071
3935557684
3303663356
44098489
3921068167
3823913705
3171312850
3023346056
3575031631
1273984718
3311739263
2944967782
3598748181
53815470
1243616738
3497788989
3931578099
1911909197
3293053991
3933409514
3955116426
3612013240
3930659397
1565895869
2524622778
2000349086
473851004
3114773744
1481939109
211703583
3645642201
3957311876
756751578
3933438919
3551242557
2530645850
3484918229
1235429039
3098208920
3407159391
3656448129
3070230035
760257095
3300710317
1511311499
3578891839
3936844225
3583784624
3747252375
3015496032
1671013788
3675622999
3723037620
3688496414
3634301792
2141668193
558908104
3885623265
1837114068
3498891904
2320385129
3547040959
784452263
3001131720
3954371905
3896160532
3663034973
230054374
1500323383
2372998822
3322574811
3230514776
3529754291
2401988847
567601112
3581898657
3297331285
3882412489
3513636851
3508620758
1411511830
3574590428
3431914715
2964145717
2045782513
1424990542
3492244894
3592952207
3025334913
1988244093
3051275469
2143138139
1560236633
2105300604
3224436198
3066423527
2259281388
2234181730
3521258390
272530915
3452901342
3322145736
3515068768
3515416640
3613986137
1743446237
3615440494
3614466117
455532146
213846355
3314239440
3433088757
3301791998
3697019542
3075663756
811225732
1095794514
3571654859
522718540
241450656
3096780332
2537327190
1130361098
334677972
2647037317
221670378
3592034394
440423315
3612509213
3272944210
3034894919
3175088612
3670369064
3097937686
3806856711
3616084418
325843853
3604357469
2905320667
2322223914
345875380
3557896432
3522124266
1276152807
3616008218
1773422951
3503554330
3137458203
1795368480
1642752157
1586596512
3452740098
2054934576
1423603489
1616272023
3022989737
1383760129
401033751
269446680
3184854323
3615799457
1479484972
1323290561
3857616709
3698421427
3926352962
3922260397
3736459751
1964159434
3875460786
1647402940
3859210745
2154577690
3920943397
2230738384
3607455444
3301871388
1584168281
3508753464
3681316409
247600078
3911409415
3922162501
2952738417
3939698993
1098356189
3185299935
3566666534
3617487307
2914090960
3208615693
2268434636
3930718828
3895782651
1788076253
3871684247
3495606835
199228314
3907664323
3004816798
3174087899
3670016696
3047184751
2373780883
2186841165
3111789488
3413193799
3257856013
1366436320
3304965876
3144191148
12078979
364861917
3064672516
3509045206
1387334853
223973946
2232776639
3522140724
2981316369
3277509446
362152998
2345406816
1536654193
2868538239
857360396
619323108
2036918351
2928016632
2132486249
387334629
3524885972
3299753949
2713497837
215092511
2977057374
2183094257
399193919
3246994236
2692118964
2316707696
2369097344
3024542827
2339939707
3525539068
3528934260
3529203424
3525840200
691306523
1236911535
2317027560
3596901689
3531692558
3526568469
3512757960
3276737288
3530066485
3530496734
3610792115
538273967
3530965357
3494165512
3255475818
1263690231
3267919843
3118514697
1465208025
644610350
3284695905
3128285188
2254770174
3595410474
2525391845
393254754
3004984714
2001379812
2110311414
1691658657
2174506251
2229433652
3310915545
2961746159
3540999919
633240039
584505143
3487778231
1570233228
1199039285
3485116294
3250068552
3319488588
3457887493
1442731745
7380621
1350897055
2283989872
3536144804
1494557841
1572067989
2525459637
1706399940
2349154350
2933413153
582815615
2220279285
3528957878
3507662795
3552879324
3030213399
3294469158
3538184210
3535126324
733677754
3537649934
3311117959
3538182229
2678948065
3297206520
3551152741
3893862328
3551097955
2938536306
3229642702
3248040302
3512071630
3443747655
3610333216
3572302364
3550458528
2290828629
3540920582
3606243052
3678026371
3411865373
1759940519
1980468977
1453210008
3659602246
1810404477
3242407725
3560088268
2604988289
3056787302
702732380
621465870
3539549197
1224824512
3542579136
3855680025
2533539899
1985144191
3141862633
3530063656
2361633781
1472210501
3044006337
3271720271
3539480595
2021726011
1637009605
3518588442
1951886350
811421895
3489407865
3687213302
1163089655
3230943621
2124693983
3230553650
3744257680
3047614492
50728710
314937763
3313088663
2270901605
3313121778
304362739
3457457139
1428912914
3157869252
3283407736
3250943596
3187423647
3808507727
2288135557
2048113309
1383013795
3635386133
3316052386
1571205511
1622383675
3055347330
2944670300
3148086963
3677525988
1579312833
3547770355
1550950398
3452320717
1496575002
2939600185
2068755774
3691961687
3241943204
393642625
2041046595
2355660702
3534316836
342073851
3409985037
25968401
3808304348
2540685564
3710014845
1768938487
2942170413
3130193896
2280489464
3868028949
3632309422
2219293586
3887504373
3545448038
1934556983
2437465356
3180260413
3283431599
573072134
3402569346
1643665515
1370240925
1583743804
2199293019
3230573218
3245200371
3604538414
2112091923
1564702580
1102518948
3320222473
3043408215
3248817663
3413334827
2265076078
3103584021
2062769857
3241158700
2308442758
2308994309
3277947877
199749368
3275989408
1184654517
3062992940
3812825322
3318745626
3546818742
2175804899
2246329225
2958523736
3578549959
2308161714
298535253
2939238894
1721048414
1358551573
1782376152
2339782310
3304421540
3541697984
3014542695
3533225516
3433990952
3613266497
3310997022
3011371533
3541958997
7524064
2256243115
3217456571
1559174477
3560614351
3320727318
1126944717
2009118269
2439124968
236990688
3433415487
3230479244
2933445323
2278213572
3254947593
1056451934
3304066997
1289122483
3564587309
1130400094
3320259656
3533297354
1529461657
214259977
1099577482
3530574952
216329015
3543171820
309492071
3622570584
3543580114
1490702691
2995980312
3183442481
387449684
2125954816
3089829249
299630962
485569414
2524452363
1741063173
537994559
1601686769
3138713063
1135678590
3537516192
3049846861
3171316035
2085125049
2339905707
1799868067
3297252791
2198355738
3315470480
3162450054
1390754204
3114021490
1662774869
3489802457
1730684804
1941017346
254108691
2291497567
1510928919
3045683195
3044577198
2239510183
2281372628
3235797788
3663053852
2522516387
3404252204
1644212749
3142912288
473357743
3585860667
1638595242
2999655346
3283597368
3303966729
3273873127
3539448331
3544342370
2581875057
3277939750
791232127
3040698198
3265957617
3077315681
1607135490
1955864587
3546910424
2526240820
3106061479
1967911501
3436192332
2186439947
2158766709
191273365
2288115927
3494561767
3561214370
1953892309
3500033415
1256698430
3548215141
3291793489
2358596271
1648816384
3547532023
270438069
3191798324
1560903311
1512993258
3547586030
3678347539
2248022353
1379716469
3005523609
3526833475
3116813003
3323217652
2983601155
3527254124
1300249494
3071981788
1616334514
1549089077
2955777706
1714652063
2014698080
3105410881
3471429691
3608273666
200086890
3611941371
2222615718
2345733155
3167865783
3033787082
2532532615
3865989663
2158176853
1504187306
3184158163
207592127
2540955691
1222873738
3473038547
1065812193
1585635262
2879949364
1419068890
3162004703
3547953815
3144367819
3549984436
2874224003
3547170076
3489104436
3631760907
3435221869
1206923166
207508658
3300751457
3551827830
3590771112
144183764
3288272353
1928608038
3616982868
3579656038
1694173109
3104439807
3463311330
3133454103
1248801692
3557202942
184443205
3174455075
3033971622
3057989150
204026294
3502406428
1714697730
3551416991
3529404075
3521814857
2250884622
2222884094
3655927611
2929710362
3071804744
3136749356
2281018861
1562162055
3466926913
3765192527
1633954307
2623468793
3239163130
3574553620
3584426973
3262129491
1579247093
3145037498
1282739825
1641237938
3082641989
3012073865
3131437195
2358706207
2660452933
3553760102
3556633475
3211937201
2965527375
3256018575
2036601049
3102603444
355615738
3496905098
2926353832
3488229262
2210873386
3308457889
3639893953
2909370062
2144743695
3557050337
3313893796
1907809295
3505882422
3057529246
1386893468
3300907430
2321922467
1687954127
3460819574
3566655810
3665338631
2990816988
3468448756
2399795864
3307363194
1436827063
2887383402
3270537505
1951109566
3014213928
1463993290
3024537821
1108081058
1037773793
3709730032
3034790293
3094487118
2134345340
2253675686
3556972292
3240439253
2377128637
3241784749
2271211252
2151264089
3718232472
3162201162
3177143549
3277650859
3705218737
3104789564
3132622622
3557463800
3159148025
312610659
3502025176
3267495613
3287293313
3152809143
3298332545
3055104152
3046839325
18983414
3266256948
2983138331
3585448840
3578323958
3236080625
2175395647
3192720619
3181778337
3759053197
2954677684
1959367783
372650826
3553843123
1173118116
3514914261
3754294194
3105572468
2738048143
3789105205
3501283458
2044693453
1417217752
3547887480
500198821
2361366631
2342529747
1504000627
1237752762
3248256869
1750635205
2199074314
3289669872
1101381140
1560332889
632826886
3593772405
2141835194
3227676706
3114066374
3432394213
1386864633
1181745451
3164994139
3562868348
3563063866
1980902273
3407079688
3587497110
22981587
2879063586
2236866040
3588525027
2203074055
3101506353
1154836306
1297801074
2435396267
1480918348
3561878689
3276722919
3252067406
1036668717
3122002801
2951046909
3282662426
2433905507
3543479484
2111523833
3086212636
3277774281
212713516
3232368935
3410034428
2098138176
1762778879
3565662055
2935669857
3227952935
665488037
1207575351
3224451883
2390839026
817502266
870908558
3564520636
254416788
3101994019
1955279193
570993576
3596236600
3564157983
1539792998
2239771937
3428548524
2218792882
3652801697
3567645895
3695386062
3323900797
3254273311
2532057581
1953042973
3240811256
3272988233
3687973676
3665915605
3056718034
1448602040
3137031273
3614925165
3571773108
3623038751
3242336108
3504789198
269814202
3228607914
1686343596
3651136772
3111434781
3574315362
3496171678
432750406
3271889187
350438020
3265349885
3047238003
3682757570
3678298775
3095466842
3591935433
2254784312
2913853909
3587269430
3474985869
2356480965
3561293435
1463846828
3272151345
2295893275
3258492306
3241434385
3575365541
3566879484
3028415978
3117167559
3406673138
3668332727
2417824851
3540365796
3586007110
3676761733
3148412795
3010590795
3676664885
2413373983
2880044725
2955018253
3315062169
3676408921
3676803589
3652070654
3205711958
2112830110
3408674032
3307507519
3618557842
2117438471
2281025420
2232006258
3478167496
3526380279
238944648
3049680612
3678561003
3218610616
1261986281
3670021058
3651319225
3515424143
3679697906
1992404763
3659146174
3236097243
3229170005
3624342318
584839466
3122937491
45944772
2269428762
2370749392
500922930
3224038300
1405559223
3643331086
1602867691
3520036055
3147885176
1934140387
2809803378
3556565626
180035840
3064258022
1930295684
3649529430
2362432658
3237384540
2330123824
3578042184
1971165147
3581613743
400135705
3416446482
3016956599
3131844878
548131947
3646497081
3600359663
3102476742
3598413515
261381756
3061489151
3646548880
3022257727
1444563990
3602139410
3582609306
3578900349
3566844400
3541780058
2204820683
3194026867
2122899255
2365274515
2231532260
2886420462
3176644902
2091332292
3197955888
1982237322
3581395066
3455320165
3558569062
3027893616
3272737352
3270781436
2285587993
3533401360
1563419959
3132154482
3421865118
1949122371
2277921853
3160301296
3020293935
1445916898
3446019198
2084219149
1542182013
2368236416
2250420849
3134957656
2335684380
3237193477
3019713016
2266940364
3409590656
1008155354
3022010914
3249977808
3627946506
3624593079
2459950965
3456348334
2271000485
3319540431
3427775594
2223128470
3628761735
3435094189
3273778675
3586025130
3254804903
3609389442
2364785148
3626882219
2241721134
352267623
2948669696
3578298580
3283411582
3030461105
3281365971
3321438837
351299145
1808800236
3634816416
2955785491
455045430
2555074325
3486782076
1922308711
3582970871
3290992759
3267859699
2178481134
304764205
3074863046
3648710176
632986866
3246727171
3067368351
3314681604
3229516627
3275994557
3586731053
3556934093
2679617744
3587779994
3170966698
3317592650
1952303569
1902095942
706225515
3429041485
3261449255
3660493037
2997644521
3619195183
3636015691
3594578940
1410384004
3568338923
3557500273
3623668992
2285598939
3256900990
3185037423
1940731796
2671583336
3660328339
3046405403
3180726583
3090893767
3586404237
1696509832
958301465
3550604026
3134744656
3619724530
3595211414
3250072247
3592533498
3592922533
2300374643
2057689315
3279560922
2006289518
3599883055
3570959500
2977322106
3635000605
1261492485
3022417567
3599807116
2157763713
3088483042
2150463751
3643722929
2979272331
3290428564
3317418930
3654935554
3657462164
2132166452
3408758641
3594246525
3064405024
3243901494
3425420795
2239743976
2153129881
2199260594
3192856641
3162742148
3301406998
2537934467
1901938353
2278960395
3216972857
1936556139
1774109251
3594622292
3281219735
2683862492
1720230560
2868281595
2254938002
2372203648
2001299822
3579436073
561002885
2550170865
3252180312
2951858211
3553136379
267510090
1482391253
1745662029
2869073418
2289313649
3583991399
1576329192
2042052942
2986842249
2134448881
3182985022
3068281604
3259537989
3612623524
3274030770
2955017121
3089199294
3007627516
2258927714
3628754515
2037241005
1682342161
3595894701
555056357
2299107652
3624728347
3318284517
3129548093
2715390495
2258486278
3310793985
3249188588
3613650581
3594449396
3596625204
3231761683
3552060913
3275708712
2303721220
3132904487
3164228570
3193556007
2458857266
3102577448
3314890974
3041054909
3216809698
2114112272
354995896
1929801752
3270303283
2248001874
3601107291
3146097658
2302424994
1577166862
2365532614
2328569114
2960860773
712557078
3110900981
3095584057
3595985252
3000962834
3145223886
1342669860
2288538131
3308469888
3594347971
3160496009
3198438365
3045513731
1685813474
3041661774
695044044
3062758224
2937890201
2897650808
2239632069
3090503335
3170509627
1326639750
3038526709
3422176688
3230793985
2224069525
2303018421
3099743672
3601059274
2985601821
3449111706
3405332793
3488178865
3559170087
3552698147
1362201333
3115857064
3529927718
3589597414
3124489735
3610479557
3262417711
3601853488
3434647991
2124010394
3602557304
2959386727
3610435308
3492297009
3057864038
2234947730
3211696870
2943859796
3173675798
3007258673
3485023998
1688616854
3606727720
3102010375
357376931
2145079563
3245136654
3445818650
3246803296
3162349502
3556885032
3311155700
3249273267
2298783272
3602459119
3243907534
3296594681
3236870433
3169564664
3198223332
10821381
2772315709
3603153724
3551200532
3266241373
2309325551
2319338183
3447781232
3287141444
3035076904
3058871927
2989504425
2870860804
3251099858
3605862291
2965193832
3614731752
2261645044
1572331342
3053064709
3283411974
3154516919
278320052
3123103444
3258283472
2993910633
3296684124
3604240985
3318777211
3610362236
3209238604
3613703112
3259885152
3294974900
3243159262
3060348742
1806915034
2556349561
3605006704
1410911792
2989124746
2007954566
3109845227
1764479930
3304849524
3268910811
3323381095
3534360065
3473073452
3295271779
2337312345
3047388289
2270323014
3506611660
2130022706
3606267217
3270595877
3256087940
3248560485
3287146642
3573538155
3487346893
3167067377
1942526078
3265960318
3416663471
1416286213
11977542
3322521152
2541939031
3445710103
1686003285
3588178733
1466798703
3401386170
3297777998
3010074898
3165403393
3141344832
3032448616
2054687440
2228856010
3572145826
3171182228
3083785366
3558654293
3317716922
3240977395
3263207286
3444843895
1198944035
2907415318
3268815800
3314013344
3479507138
3271888858
3120599742
3553587676
1145989645
2997862004
453978172
2998713905
3321511137
3458628056
3475896755
2952360872
3189400297
3522289464
2402279943
3090327295
1836384264
1432878046
1639980617
3279316222
3611441383
3497090813
2243194585
3262930693
3516280105
2276549266
3606596566
335265303
3614760661
282674338
3280288388
3596707220
3536996400
3416728753
3596613110
312599257
319607426
3245293355
3616154625
2047528771
3530098632
1919034258
3547922419
1573625617
285862588
2610717300
3547384621
3583192223
3007050355
479388826
3600777445
3510610312
3543468088
2211163081
3476529225
1201571922
3541003114
262290573
3618365043
3580019420
3594151319
616577803
3578683029
2209587859
3299972246
3619660385
2553101173
3564658927
3598123815
3494825953
2041941218
198426912
3457176537
3301129995
3286959650
3528472135
3518679770
1363464406
3581048885
3152723537
3263278471
3116939567
3557714726
3589759427
3558050372
3599654918
3304607844
1620485280
3554709489
3152719215
2308895417
2367954467
3617835375
3620519359
3409876380
2362868054
2355548675
1933955825
1631191176
3578975771
1998246622
1317888272
3537639189
1093503894
229231076
284406637
302421862
1293002084
3591319143
3408573352
319080289
2128802123
1347449950
3159231381
278213277
3031535427
1103208703
2831646222
3295189704
3533362551
3605013847
2236724230
2272903675
3014114957
3497637548
887869546
1133073345
3266296850
619425064
3230412591
3414800470
3598692737
243287029
649017085
3310345131
2012698025
3584816472
3612569775
477246812
3611639564
206256928
3608318320
2048010606
1036788227
2091814611
1776700234
3603561418
1401560378
3591143961
3301066014
3548634787
3516972544
2339467485
1215081768
3273622047
1228334059
1233552372
951419368
3488199406
3559283872
3541652024
3560734845
3539697640
715039994
1654119437
1651100107
2303040354
1610796877
1528947394
3563798406
3566771084
3554487902
838885530
3567079994
30463688
3124551048
483163261
3576254805
3579443202
3576241039
2089014559
3580191571
241943843
3567261745
254579634
1581792856
3063932821
3592292001
2213383279
2310976457
1283786985
3265186636
26127698
3527075292
3179059212
2980930209
3551547483
2666447988
1978538907
3132110591
3585219485
3408368914
3420420170
2216803193
3586210376
3591005128
1691806729
1421556857
3582409707
898221970
1022385701
1540191205
990736753
3513213984
1766350346
3568629769
3201867549
2015632814
415652312
2966582136
2037008334
2148719496
3572667363
21149385
209651922
2849449772
1098849804
196628112
1606878371
299810984
1795050960
1629029725
1960687741
2219867098
1385298039
1004423424
1120636482
1542455784
648455590
303417371
557003383
1460375934
1759865501
3109877847
3059725637
2366436472
2524174504
2361147368
2044234651
295107899
1655366988
2031098466
3264514701
2328789034
1804557277
2973125666
1277988058
3473999682
1173103775
3313819333
1995768010
3221871180
3078461794
3231944041
3049605451
2951115290
3315806398
1208068382
3436321223
3142283606
1228267756
2361755657
2182746397
2879953558
1713431872
1555079671
1548858599
1549596736
321749608
1340696294
1555612652
1007003883
2317951783
1782820016
494341794
484424243
3555613766
2981995562
2475463014
1438866305
511335917
511861726
3019822370
196395038
453984518
1544771418
3567582878
1987727101
1304878751
2407003668
2949627003
520462120
1651501258
3266202749
3184117201
541147082
3141747117
2948968478
3145779579
1515848867
548077609
1979342386
558183960
217442033
654844530
1537754227
1990535961
1439577959
3556724746
2993265861
1657664344
1967688724
466537725
2287628704
3049723051
2989349452
2929886751
3040364618
2255389438
2101749506
3436453212
619766537
1626832316
2026740444
3276780821
1453849366
3455681315
524209699
735556347
2871493289
1091407057
13000993
3521571082
221009689
437204207
3436745841
2067906065
20056473
3268669582
3192593276
2272558691
1531526020
522772832
1504449536
3540442962
3250306690
3536657050
3467465654
3522422875
3079872276
3533063678
3446582014
3439624938
532504360
446057839
2290725779
2263817092
1615120227
28558480
2258634525
426646386
319844074
1008478456
1243879625
1505482132
2073381218
3485067047
1000872388
1001638105
1359389388
1258768646
236683172
1523834514
710633943
1950352636
1510769968
3157625050
1050653731
2974399605
315418933
3043660924
1084484274
3260928298
2520624361
2105503878
1047708298
2123127311
2081926199
1520863527
2981512108
3303426364
3075901400
3019620268
779167531
790232050
313997050
753190470
1994204505
397588370
3320585481
201328399
2127617303
759500416
738654673
1106920508
227344591
742527858
771267525
767957373
771752178
14866997
763155582
2880016038
2118616912
3283520172
783652381
19739571
3535553599
3540161179
3417073162
3412521744
3068862959
3218601459
3529123157
349527766
3458619504
2340807163
461495652
2041168735
615809113
3294111903
2291635468
2816680536
3519236545
1679860818
1080029180
2355952752
1918769946
3406322356
3534380109
2090534943
1938136271
3411822013
1788050913
3485174150
2453629064
2002027523
2221274217
275241214
575566157
3261438610
3525551442
1213742117
3002120121
2004971386
2265564601
393120646
3438659484
1989720374
1928609800
3307460258
3527649610
3400951707
541515078
2879063155
3528376015
3524646254
3193091053
3033266756
2931414751
270900439
3264322604
3239563605
3317581724
1087061932
3078331003
9981531
3499208022
1731765251
3513499659
1306318429
1526244897
3229485178
1390662410
494748795
2094314617
989428572
384318717
3504747285
3235906041
1600307793
2108889737
3522635945
483989798
3048234359
2956654590
3506264613
2879809914
1690146182
201538872
1958320935
3455894586
2298043618
2945288683
2582131543
266498584
2182513154
1831670415
1599769963
2285012269
3182808929
1921828850
3136195155
3229873040
1532681223
3284771414
3419842543
3421917980
1558007874
3421294938
1917509647
1554182531
523585124
2988850549
1956338954
3261625216
562458275
1207536940
3175531671
3418638758
2415404684
1437000953
453624602
3060383397
197085511
3176095297
2413158726
2241391390
3416701139
1656343760
1627900878
710401823
180540874
3293959767
1735238896
482373175
273136117
3443771006
3416970114
2368664523
38031626
214991080
1781725175
2520362617
1106091027
653130309
1230340525
445549793
1811060196
201549300
1608202520
1251089065
2423590704
2212883172
1813580636
2507844528
2977140489
230681168
1462919651
248979270
1604910857
1685070101
407695238
1240153226
1257977477
3421749440
1718441426
3410202118
1397820719
1770600052
2175317828
200076999
2640315642
179142405
328131618
1399531022
1626918372
2869462137
2075076311
1434622581
1433567861
581557159
199102667
1081458247
1696820399
1913350394
1401099583
339378206
1801032370
2680894752
1520212730
2583944363
1456972380
1419926468
2358858719
3141754567
180807265
1663304504
1966240787
2265994921
1583017799
33281121
179313619
325594126
493084171
2154531445
