3541780058
2990816988
2993265861
1626851025
1488098293
3257767294
1990169479
2038102115
185878689
2966163098
3046686839
1365150357
2251771998
3623668992
2727945044
3747437584
1211034176
3720047862
3064258022
2216063361
455532146
1278854842
1589277101
4007072256
3498891904
2993910633
3465330006
3321438837
2160927489
3610479557
2132486249
3924935797
3166835023
1472355458
3918468292
3107978401
3307363194
393120646
369290132
3266202749
2988850549
1213981269
3034790293
2303721220
14866997
2679617744
1245630934
3947109867
3193000071
2342529747
3741670745
3553611803
785992120
1942885279
3643331086
2209587859
1433567861
3411865373
3229055517
1731455707
1293002084
295107899
2091092579
1560903311
3914376037
35257496
249490416
3095043543
2134625652
2189778813
3067368351
3590596867
2087946530
2870777105
51580534
2630672508
2018693067
3535126324
3131520834
3133932281
233018486
3804478224
2185058653
1762778879
2303018421
3966897764
3313088663
2225905051
2985288274
3416446482
3937924828
3229451110
2018265385
3507662795
1750635205
2378551422
3525539068
3613611050
3208615693
3617487307
2114216203
3038526709
2284909505
256671120
2327873731
3572256133
1428912914
2640315642
3260928298
3097937686
2263244885
3548771401
2205511370
1701954995
1703826702
1504187306
256660512
809542305
2241391390
735556347
3870301912
3191956538
1445559704
2233765346
2312321829
1801032370
3118514697
3004984714
2308442758
3194068429
3721204863
2375499600
3158785869
3085992830
3187133572
3466634490
2262854235
2345618744
1696495325
1906845972
331185828
2887693582
400135705
2460013436
2336783590
3094837726
3313819333
3750063685
3243962758
1776239011
1738187513
3512757960
1481835343
198156142
3569731737
3169912697
3934509163
2860539009
3470430315
3230628282
1277988058
3488199406
1204739975
3694468174
1655800659
3530496734
2375546616
3489407865
3082641989
2300067934
3512409847
1978727662
4032632069
3206572656
1451005282
3596901689
349527766
3132904487
2263817092
2145079563
3632309422
2271048516
2981512108
1666144752
2526712021
2636957681
4068238811
3145100731
2015159972
3007627516
3315386239
3217085373
3313815897
1934140387
2218381289
3260762895
3909841150
1927846449
31102621
3981907634
2179222542
3235242250
1542580130
1574851306
2520624361
2251018901
1461822
1684563300
30780713
2960934401
3912593367
1747511238
2274511628
3478817032
2198447855
1647473070
2361366631
3017807483
2239014592
3252356615
1720277475
30286114
3628321195
2000244854
2065139481
2265308756
1510928919
1504184945
2265591517
1573839811
277429719
3602459119
2157822743
3315811182
1367714189
3272988233
2082332566
282078480
3271889187
2271405411
3529754291
3064893430
3281057060
2772315709
3596176714
1437000953
3242407725
1529226051
1706990981
3952547312
2291232389
3539697640
3544342370
3275989408
328205394
1334189192
1714562692
2413158726
3536213956
3586193641
313997050
3585860667
3220724273
1297801074
3603561418
2309826764
3742847060
5275767
282674338
1323290561
3619724530
3448741741
2057689315
2336011585
3700204781
2367954467
1979545079
2120275343
2225624658
3160132138
783652381
1456972380
2051482052
3573529618
3509045206
3299856363
3721585508
3218610616
2961746159
3803651681
3266122855
2368236416
1682042404
838885530
3587136789
3518980292
2239431125
3141344832
2273504095
3536996400
1707272635
21154130
3169092252
3617197296
1626832316
1184654517
3930718828
3568629769
3595211414
2201549721
1177768743
3011898627
1273536597
3905983521
2339952177
173785365
3096780332
3553843123
2173004292
1682342161
659174227
355615738
2197704250
1918191055
2221183097
3528934260
3548670417
2004140611
201328399
2295132334
9007169
2138610639
193939987
1578437017
3574553620
3087160697
2948850119
1594384566
3409507093
1380532541
2896462545
1690196673
1769465055
3109668300
2390990991
1501826547
1721163486
3973650311
1657664344
2240902271
3233736652
1429646514
487569705
3112429463
3836026644
3124489735
3576254805
3231707911
1931488420
2256243115
3290655809
2041941218
2910091675
2955785491
1524117218
3408573352
3561066543
178715130
3518588442
229380538
1052626721
3889910401
1260480526
1792114249
3606243052
2279125397
3869834379
3148950069
222541606
3024537821
322821120
3614760661
3019713016
3226566457
1553636377
2648366252
3433415487
4029281892
1629594136
263513088
2361147368
2958523736
182566383
319607426
3594246525
351299145
2999057917
2031098466
2257195090
1599447976
3048234359
3079492874
143898350
2985105034
1978538907
3555335505
3554941540
1668001808
3252151081
2892812581
2909452941
1511946079
1560081283
3289669872
3174455075
1597796182
2246329225
2984127704
2159052983
3286766496
1063252050
2905255073
619766537
2190102368
1443469484
2320473053
1028630773
3502406428
3215096799
374576278
2029407603
3452155275
3882412489
2348468323
2692378966
4100856079
1502225875
2240374622
2321504468
1913350394
1511585794
2306175966
3246701590
2966582136
3068225650
1093503894
2214704781
2062769857
218560841
3295189704
3305987949
2435591649
3066245077
1383760129
2860018521
1951308021
1651669308
3546788624
3525652577
2683862492
1595152245
3139496204
3560088268
2244604252
1478252757
3557202942
3557871671
3134744656
2748080995
1416286213
3624342318
3555517633
3720850583
2093461017
314937763
3582409707
30694158
479388826
2182528005
3226789272
1779398568
2534006940
3144367819
2986842249
3283906224
3098861765
2258634525
1081458247
1903549777
3552884075
218518630
3064268059
1577313234
2883790214
1966240787
3452901342
3060616807
1659154767
3546909883
3211945048
1443790214
299630962
1542358547
3118336116
3319784078
2312300223
196937979
1542455784
3266296850
1306318429
2085100387
3233875510
1233392531
3106501740
3006037565
3057167327
304764205
1444419087
3198223332
3605739136
2230901325
584505143
1919034258
3624593079
4009275622
2080339942
1971124740
3077473051
1651687382
1457743038
3062758224
2251052722
2001472533
2927291582
2207281966
2283672714
3949620450
3635000605
3306948627
3114773744
3540442962
3323900797
3416663471
2360076971
3116939567
2339905707
3083876879
4026558735
2297784028
321373713
3534313926
3534360065
3622804887
2163031830
3954969346
3307507519
2188122491
4015320154
1386851800
3588525027
2816632480
3599654918
3280034561
315418933
3619660385
3907664323
2216803193
1938620401
3651105798
2135465190
3522635945
2281815101
3202173110
1981517178
2974399605
3566951020
3939698993
1163150009
320530122
3489575988
340136234
1137947820
3102932627
3038066416
2204652785
3053502432
3601853488
2312821558
2218645642
1610501658
3090069516
3247343081
2222444945
2157974210
1386893468
2933507982
3008189660
3262757662
3312581926
3212189350
2240773776
3022989737
3130814373
3032766912
3506264613
3258492306
3227719995
2322288349
3586242987
2336825218
1579247093
1628307829
2934201054
1447166321
3510549110
3556934093
3176095297
1761568872
3091675554
1532378029
1440205991
3155401605
3536144804
3100093295
2659221079
2954340089
241255559
1905099894
3118958423
2105503878
3303966729
2996641838
3179826692
3822553042
2250961552
2891241718
3746358422
31294905
1537096233
3816056540
3119507908
3297020098
3083785366
2961367903
1722521627
1685442818
3295271779
2839587619
2247592394
2531931967
3313696776
1465208025
3579656038
2004238510
3322574811
3237038816
1313993634
3529404075
2312312492
997553196
266498584
2965544376
3209356718
25968401
2949165112
2954208726
3083281942
3552879324
2961740874
2943859796
3436745841
2954522270
3765192527
2997223160
3279316222
3577248688
1988244093
2231815967
3253227627
2202821109
3317716922
3485116294
3542486609
3926330494
2261645044
3182808929
2259006665
3474985869
2106731536
1627900878
3096878968
1766419959
2084219149
3603529343
1973792121
2112830110
1629029725
2036918351
2033922172
3455813127
393642625
3533865046
1953892309
1043870640
3683256430
3317418930
1836493627
1310720508
1557858333
3218601459
1450899159
3152719215
3986537049
1401546380
2989025534
1584205259
214883233
1636364295
2805174225
1695680175
2359442371
3944258391
3404386520
2954930608
1516753152
3604357469
1938493495
1536654193
3238571804
3611824670
710401823
2011016493
3099269847
3421294938
1929801752
1994372263
13633637
3407328010
1428838897
3077315681
3678026371
1776700234
1303676862
198426912
2379323638
3049680612
1719869458
1363464406
2240616555
3789105205
3713096313
3310393347
2223993590
3033135023
199102667
2219926666
1130400094
2182746397
3876009526
2218749881
3995424719
1598367035
3981794099
3094487118
2254587095
1672807775
312599257
3100705630
273136117
3060348742
3801247695
2989810431
2140616205
3164767343
1082096419
3650403203
1921828850
616577803
3857357967
3189959231
2936152061
3978348471
1707484319
2288135557
3242898440
3650465310
3643722929
3245293355
1416166572
3142283606
2267932625
186630460
3062269095
4129113310
2358151057
3180726583
144603275
3015496032
3269504887
2300799594
3301791998
41557180
289761269
2230738384
3496607340
2990532072
3578323958
3583991399
3267495613
2437465356
3272151345
2309638699
3276737288
2128802123
2270533500
1982237322
1065812193
1519670424
2070344421
3552220697
3670021058
3000962834
2660452933
3235906041
3618614941
2520362617
2546568970
3977471262
1940731796
3488178865
2980930209
199749368
1368795411
2245332788
2399414066
3121255583
184443205
3537516192
1575322819
1507802739
3515068768
342073851
3293959767
3162742148
3022417567
2215169981
1394152228
2960860773
2357670106
3057864038
230681168
3270476921
3545448038
2303743917
3232368935
2582131543
1924422378
1804557277
3531798052
3105637893
3027893616
1621287995
2249964959
3551827830
3275994557
3197844891
3019134851
2713831248
3017919632
3548634787
1519436424
1358551573
2965358071
1950601256
1743674706
1544002855
3554136251
1564702580
838923759
1228334059
3540161179
214259977
1941455215
3030213399
1037773793
1507272273
2308895417
2265146203
2236541992
1750562229
3973881122
1825617259
1293832518
2306222750
3857163349
2012698025
3451142533
2265321263
1616334514
3654935554
3218508670
1704838064
2010578698
1466798703
2153129881
281401076
2234059750
3124525872
3216614710
2061973291
2061638984
3166050100
3977890392
1980468977
1299644810
2943444343
2985487459
1222873738
3245199243
1504000627
2644620359
3672957600
3679697906
3175531671
2670400501
240331214
2988048932
3586160173
2870924915
3037126984
2048113309
287114272
1224824512
3106061479
2021233563
3154165606
3546533000
2244610194
791232127
3046405403
2226160403
3261449255
3101994019
3587497110
3863656718
3018432285
320776345
3038011377
2204837197
712557078
2537934467
2232237629
3144847146
3548570754
1571205511
3230788162
2294089048
3736464316
644610350
3610873076
3655415951
2711142048
3031102279
33084300
3078331003
1733394580
3682875367
3090941368
3586404237
3496905098
811225732
3912830868
3049840397
3592292001
3608929094
3561038186
2345647207
2247498093
3108712930
3294458664
1654888650
230054374
2307903436
2957888748
1276692465
3211696870
3284695905
3222834182
2250884622
3209238604
1565497801
2126288453
3159515237
3592034394
2983601155
2221274217
2583944363
1902615206
3817121103
3292222112
830843892
3736459751
2188712979
2372998822
3301187823
3646548880
3035076904
1526891226
3301406998
3064405024
2006289518
2691469569
3458619504
1213742117
2285444094
250154822
3230793985
2000349086
3634816416
1691658657
3033306265
215879089
2198211784
2321922467
304362739
3183561268
250677858
1975304079
3642396743
1764479930
3603153724
3240439253
3546861327
3612623524
1446000882
3899522135
1994204505
213846355
3906868008
3924322075
3553632299
3585448840
3408758641
2660680916
3231944041
236990688
3528738773
3124776950
1555079671
3127605
2328569114
3294406803
1237752762
3602139410
1583017799
3278981687
4071359348
2259284498
1738480631
2342931330
2944967782
3272737352
3879617946
3046624360
1173118116
1400995404
11977542
3168721059
3955116426
3224436198
1476551562
3141747117
275241214
3530965357
3497090813
1646014891
763155582
521231355
1934101580
3280288388
3039671464
4002090952
1423297869
3896160532
2247801768
3053064709
3289918196
3665338631
1623725980
3551200532
2680259698
1582741786
3882383211
1744164055
3963231794
2364315904
2980342032
3305264732
2339782310
3823913705
1655060236
3484918229
3089199294
3594347971
3956067140
3536002919
3581395066
3926228025
3623038751
3103584021
3119881487
1648820357
305665280
2293865833
1696820399
3678561003
3534910393
1226182115
3249977808
3164228570
2953350507
2307822506
1901938353
3609389442
1525589454
1279842484
2264179998
1713397248
3160496009
1571143203
483989798
3041661774
3025826804
3655930829
410199696
3184117201
3032957409
1961969754
3178745932
3273208631
3660493037
1084484274
3043252571
2356480965
3611639564
3560298056
2931708812
1445814663
1430159419
3938863351
3323381095
3585217299
3553760102
3204746829
4059078141
298535253
1417235417
3541626631
3077219866
179142405
582815615
2879809914
1390397361
3490957220
3744257680
3578683029
3068281604
3244412575
1482241019
1332517337
2233129058
2132664593
2319083100
3301519461
3921122918
2458857266
3619730320
2250832758
632986866
207592127
1526220506
2521456084
2188885691
2342585831
2230749117
3752564009
575566157
3539549197
1826694939
817502266
217162684
3076060452
3806856711
3443384533
3959939721
3318284517
3055051157
601344411
1385549687
1479484972
1504449536
2379706185
3597905005
453984518
270757865
3647213673
2670862099
3123863284
4033654774
393254754
1921831980
3636015691
3414720468
3056787302
1588900919
3321511137
3010360191
1995766381
1837114068
2553101173
3707588944
3688895748
2051314484
4020707565
2278839015
3953566450
269456825
2268784698
184763903
1936478788
3500644405
3274248993
2273584149
3235152832
3783007075
1639883464
3047184751
1929174031
1554181396
3011498719
3578639178
2004971386
2153533200
3193703724
294940200
1297156956
1525917237
3280877613
3310270881
587908417
1520899997
1636375316
2280973679
1910085427
3079044537
3017275693
3610435308
1580154785
1903949495
14511740
3527254124
1693402588
2246312094
1436827063
1207575351
2114815710
3596707220
3061335210
2550038671
3605250712
242871553
2298334958
2920935736
2964268872
2939600185
3414800470
3443747655
2522516387
1832870717
45944772
2299107652
3620519359
3537649934
2987256946
1768938487
2283989872
3564658927
2281372628
2905320667
217442033
2093953752
1806488126
2251760290
1951109566
2885577294
13809940
2244756297
1971165147
3484341818
3313121778
3735539582
2144743695
1907809295
3119499410
3095584057
2054687440
3901331646
806800077
1953042973
3118385767
3836788818
3512806810
3871742622
1987658224
3994739088
3618365043
3826099633
3593772405
1821044287
2364785148
3014276818
1773422951
282100078
1375694811
3307598938
3256577222
3466403308
2610536277
2214088853
2220279285
1690947207
2082079678
3907999597
2413373983
2871290276
3620162221
2995122846
2241721134
3123503441
3140847470
3421749440
3115857064
381738918
2912445931
3311843690
1480918348
1907721766
3198178320
2162876520
211703583
3496171678
3291176504
2061205207
1301001194
3265801771
1528170474
3468448756
2944572619
3971981799
1577377393
1816811804
3514777706
445549793
1959900852
407695238
3074863046
2876143879
3655927611
3529927718
2296748825
3143640925
2969250573
1550950398
2033162510
1532681223
2175317828
3058669432
3586952793
3460557522
2991035536
3550604026
2942170413
2229330073
2198355738
3193556007
3224038300
3543580114
2879063586
1284553450
3796425521
3547800640
3529457160
2066711447
3750027864
2257139459
3057135481
3304849524
3035330089
2336441272
2991370686
3550355555
2708071746
3578298580
225076763
3224451883
3314239440
2065853810
3126345479
3240925968
2167892152
3243159262
2896792191
3078461794
1549703569
2283315327
3599491339
1037146128
2235743846
1464748292
1408326846
4103432829
3170966698
3147680382
15862135
334677972
3687213302
2319007365
19739571
3128329729
3241601899
3817611553
175747727
3555530763
3514914261
2157799184
3666341759
3300710317
3301510371
3582471609
1581792856
3610840289
3533063678
2268434636
3761638170
1473307782
1364156571
2391298474
2210873386
1319437031
3527649610
3421865118
3134544488
3181613658
3552698147
2932076168
2309325551
2201965339
1585975876
2195570944
3836136787
2011489425
1439577959
304517472
1342669860
3615750751
2977322106
594096672
2198674530
3754294194
1463963866
1779602019
3618557842
2875121193
3055347330
3102299139
3019620268
1909421928
3208248087
2766564302
1583743804
1434052513
329170666
1501187427
1764772262
3206927035
3162004703
2896301687
3107776428
1739295298
1741349130
3495600860
541147082
2299735453
2587620505
1258768646
1911909197
3651764700
3585659548
2055215451
1063726951
1932160517
228413419
3022320998
52514537
2326170250
2264838981
2248001874
30463688
3036536614
3135381091
2271418248
3552060913
2143138139
2623468793
2182885216
1585635262
3574590428
2933413153
2267813531
3543479484
2364909751
3553375459
3025099033
3269028443
2253675686
2255241850
3595985252
3971702218
4016419294
3262129491
3413843603
3083673449
1338501198
2370749392
3247097960
1766350346
1427838484
1685813474
1480846531
3131437195
3287183032
3237384540
32898430
1971706038
2897459039
1544549209
3255475818
2225302094
1565895869
3277650859
3217456571
1237263561
1979342386
909704614
266997360
2291173344
3300751457
1251089065
3219710485
3206742058
3976984085
2198256188
1926909452
2048136978
3091862873
2011469366
568111777
1324130429
12384638
3230943621
3274498070
3659602246
3157908749
3686220967
3528472135
3270277411
3316052386
3412521744
3317581724
3129548093
3304366509
619323108
2959386727
1495936858
2893575448
1626643696
1964159434
1476004019
22749346
1518414090
3227676706
1602157779
2929886751
2361603084
7447931
1755000013
2284742628
3229485178
3601107291
3610362236
1363468337
3010307416
3557500273
3426860857
1277823593
3154467441
2237967455
2377128637
3049989121
2123526091
1961855746
1638595242
1711531115
1556354495
2255389438
3171312850
3258743876
718846740
1959389105
3106296189
3821859816
2525391845
2204797395
3310562930
3059725637
2071444826
2297316317
187293146
1774109251
1641237938
1671013788
3086446699
206689811
573072134
2296304233
2333566139
1557722964
1786376917
3970087387
3508620758
10913069
3171758971
3596171420
1608154095
1752810086
1532934348
3512071630
2283766167
12078979
3598413515
3974522517
3271812678
3157869252
2317262632
2951599479
3182985022
2270323014
2555074325
2929716094
199015603
4008657757
1940708800
3538184210
3293218651
218345880
1081033120
1622383675
3075663756
2995894308
2001513812
1527901358
3092223114
500922930
3485174150
829929206
3120635607
3487778231
1956588573
2133457852
3170167261
2108441126
1036668717
3160301296
473357743
3880162164
3568338923
211664733
1770897128
4112292484
3603797244
3163616243
3226997339
3068937699
3267799633
3765995185
2232006258
1777532200
3553587676
1421314892
1616272023
3585219485
2327601007
1662774869
3405332793
3052244057
208858622
2062549218
3488229262
3235797788
1087061932
1787851469
3766887522
2214206616
601468447
3167561816
1644212749
1598774283
3455681315
1440675085
2320641897
1761103786
1400978228
2537114607
2355660702
3019822370
1235429039
2239066828
2111523833
3458628056
1956338954
1655366988
3250760932
2916359588
3024992901
301932092
230805371
1326704587
3416960
3261219514
1145106378
2158766709
2242850372
2249454988
3170304327
2252419407
3523305108
3302968971
1004423424
1205495122
3246803296
1529461657
3885623265
3105572468
1131304837
3314681604
2271211252
3000151344
2678948065
1917707655
1687573181
2134345340
2964377651
229231076
3315905569
1714697730
3179059212
3025334913
2929268711
3071781631
3122937491
3613703112
3926166010
1730684804
3229873040
3859432015
3497637548
2241210175
2010986639
1625944732
1702383453
4069911768
2043445971
3141140487
3121551124
1686003285
3317922966
1213624660
3969285381
2218727034
1966133974
3047388289
3657462164
2845784006
2259439693
3452740098
3297153012
2147431433
3007258673
3678347539
3567326065
1514833869
999314056
2259303433
3194434388
3226967723
30824472
2763774434
656409658
1651100107
2881284669
2172993162
3011853319
3632491624
1414826388
2293617267
209651922
2882063748
3167865783
2291882848
2179600419
2315166361
2926353832
1562483064
3046839325
1936343676
3281219735
2211880179
3102635322
2060655523
4077497060
3154216762
3626882219
2289313649
1384772092
3598123815
3086871078
2202733897
3855294276
2286733611
3708440508
3868028949
3601059274
3518795652
2243194585
2288591579
2556349561
3547170076
3602898330
2995878174
3467465654
3102603444
3165887506
1417327509
2886420462
2581875057
2847540441
1705714382
1713431872
3111622634
3533401360
3040364618
1317888272
3698251518
1528947394
3087440428
1303072027
2041168735
3578975771
4054286100
1623132109
1806430679
2094272469
1930131440
344099212
3067040290
1706811738
2228223777
1599174396
1289122483
2463015274
3545024462
3600777445
1479657531
2718111494
3442034164
3895782651
2954677684
3111434781
3170112898
3558654293
550726206
3803371554
2094106742
3582413771
3144191148
3064607026
3022210508
267510090
196628112
3308457889
2112496921
3284248527
2346635352
1992546210
1969827538
1465875062
3573538155
2277596740
3974172840
2920146390
3032721057
272530915
2269428762
3173463220
3556724746
3580019420
1948114357
3308635015
3615799457
2333264028
3975959793
3152809143
3601038697
3211937201
2738048143
2073381218
3879483957
2785263866
3271888858
3001131720
3279560922
1686830535
3111680473
3407275730
2014698080
1599835957
2959319586
3230553650
3199122056
3112233425
1093038749
3428548524
3212715467
304125629
3616008218
2883417704
3121170031
3942434655
2924189198
3270595877
2261064007
3747252375
3315617375
2109169027
1945689325
3294974900
1529094727
1645889266
2459668769
3072883525
1600684876
3462790349
2021726011
2099894512
2098762063
3166236242
1232750936
2964145717
3490269595
2236329580
1650841491
3058283791
1444563990
2007167689
3485106945
2036750747
2987706519
4115270072
1686205314
3171316035
3231761683
722762211
2543134459
1929901905
3967955225
2694168764
1470570312
2371068951
2399795864
3315145995
790232050
2165142153
261381756
3710014845
3136749356
3591935433
2708305512
1558716202
1641673396
3299753949
2321384518
485569414
3143505900
3308469888
3679947733
3249188588
3104789564
3912199755
2272903675
2332804168
3301795938
206609899
2578080420
2273602634
2985648742
3220101910
2261174732
3074960013
3034894919
2190593854
3466828949
3319488588
2186784720
2312006990
3080773881
3985940100
468687128
2923579722
1283666223
3011625525
2880912420
1492840058
1338229655
3253476360
2259109476
3268477011
1959565059
2348914267
1909461926
2177936442
3169991280
3109259409
3188829235
1971158251
3024542827
2198976679
1639980617
1924758896
1307457486
2533454994
299810984
2291635468
2877313833
1573625617
3223664579
3548853773
204683632
3238052861
1704718749
3560614351
3439885747
1216352824
1641598113
3446582014
3534289986
1069894299
1207536940
225232212
2132589360
3246887896
2055128791
3061580195
3098386910
3433223803
2209155477
3566666534
2995860653
344340078
316669894
3062904359
31626149
3551234990
1930295684
212634167
1245927288
3014213928
314623346
256059113
3252180312
1923737481
3264514701
1718862110
250397548
1504448750
1273919720
3549984436
3152723537
4033911041
2053779247
3806903339
3234242141
3710104700
3594578940
3058687854
771267525
350438020
3948898279
2288538131
2097900007
2224798539
2226998885
2220450402
2190101662
1925563299
962414824
3013101290
3034910425
2865274264
3289043182
3094995756
3531692558
248979270
2352693562
1338817687
1913799322
3567571279
364861917
2931414751
351981992
3185299935
2098138176
1233552372
1977789408
3613650581
187361321
3182431050
1583385300
3016776982
1109879573
3252067406
3565662055
2973013285
3167067377
1795368480
2362432658
3584816472
3235598414
180035840
3322145736
2009118269
3145223886
2110364237
3518352189
247600078
1632136664
1560236633
1931552016
3556633475
2947868644
22981587
3071865636
3033787082
2869462137
3192814212
2268434404
1998765583
3272813510
3277947877
2244610265
2870398133
3192720619
3765284503
3548215141
874634970
1483729393
1462633222
2300374643
3041817846
1556047199
3526739225
1986625777
1443142225
32357303
3130193896
3060383397
3445710103
3264322604
2985406891
2939238894
3110900981
1557533713
2186841165
2960044162
3307460258
3251942982
3998254854
2245996431
3513213984
3207001793
2164344324
2965193832
3236080625
1557049253
3036614190
3691961687
1549596736
3475896755
3291474985
3293861738
3134454972
1468681405
2003500423
3554709489
3987129385
2767987537
3648609386
2182513154
3305101905
1696270739
181447276
3310386245
3530098632
2224069525
1720303190
2966786006
503866604
2266481167
3084367735
2234912623
3579443202
3665823706
3055311858
1544778064
3556972292
1007003883
1712418628
2257624150
2910826914
3238519212
3602711261
1936185415
1787384885
9981531
1558533502
1099577482
2328789034
3297252791
2198624109
3139150073
1810404477
3431015743
241943843
3893436145
3187700011
3192593276
3271720271
3107046054
3459358057
3291793489
3494561767
532504360
4119520377
3580191571
1748412546
2205909804
1690366894
3016956599
3232199550
3967205307
2266235225
1199666334
2532532615
3254947593
3281426002
3547384621
20056473
3409590656
3216248928
1542397378
2951858211
2276363671
1454106877
3083126597
2116810959
1995719598
1955864587
1391686976
3887416573
3266241373
3182498178
871951931
1515881669
3725411025
3929994387
3011371533
2890161584
2329346496
2306384045
3069425301
3457457139
49664392
3409876380
328532627
2565483369
3436192332
1423603489
2175804899
2927157918
3667339892
2361585971
3229516627
2070220263
1509955028
201358564
2995980312
3599807116
1990535961
2222492960
3508200971
1102518948
3994096892
226991161
3582387859
3314890974
3264242487
215092511
3017637179
2261897870
710633943
227344591
339378206
3314013344
1001638105
3541003114
3577288285
2412860279
2037008334
2713497837
319080289
2607284022
3293314635
2401988847
2507844528
3208412120
2965285292
1432878046
1738141391
2361507478
3933409514
2058589089
3152901384
2369374755
2154531445
3537639189
3641103904
1051699196
3238171645
3540999919
2030924304
2199260594
1206923166
1958320935
2423590704
1638350881
1669724108
2001379812
437204207
520462120
3591319143
3054459886
3571773108
1782376152
2246016578
189598676
3518291439
2713739925
2388503139
3759053197
3526568469
3303663356
3670016696
3027892561
3254310542
3304607844
3617082030
263754077
3204501856
2989349452
440423315
3546818742
2055674841
2453629064
3086626730
1522665335
3540365796
1572331342
3463910623
1645176234
3550313742
1706000153
2983237568
3273778675
2104349908
3288272353
3202561250
3126758757
2290828629
1553868861
3094277695
1257977477
3522140724
24924401
3021404889
2302424994
1799650118
2985939981
3230639715
3246727171
2204820683
2461891455
3594151319
2187439016
2954644249
2209586795
1743243825
4052400170
3883804525
1798852788
2728030495
1609915983
3216345562
3047621300
2680894752
3277774281
2954925390
321749608
1952303569
1743919234
3303426364
3500033415
3042642788
2929691422
1548858599
2182530583
3911409415
3311155700
2246073530
3647192336
2126491769
3497326225
1108814283
2320892252
2166862379
1924621214
1363261471
3057010904
2535460177
1757251724
1038356441
3256018575
2187211805
3120264499
1421522225
3264302464
3146030562
1738909273
2186388949
1561835062
3040322685
3025317763
3555613766
1408921407
2952267267
2298304332
3604868492
1999441526
1270784636
3012123353
3999448955
2671583336
484424243
2068755774
1648954411
3245022450
1511655220
3942463304
3297206520
3317592650
1513749395
3316326778
3663193528
665488037
3148086963
2876920413
537994559
1808623873
3230412591
2242554588
3835446161
3554102234
2041046595
270977676
3648830452
1649008600
1467484032
1135678590
3239163130
2953971011
1208417964
241450656
1829898137
3138612774
176933893
2311454070
3116465114
2243860727
3106488103
2204156842
1631191176
3413193799
2234947730
3591005128
3174087899
3411571786
3245200371
227455994
3297031278
1610796877
2076494435
3017653157
2049826821
2908894945
1816940277
283537846
3697533706
3241158700
3583691649
2241372334
3051573679
2454082760
2742838799
3154947389
3829038272
2091294212
1400802210
3419976915
2315653646
1452841611
2950964956
1788076253
2134857880
2254770174
3211295726
221670378
3138536973
1823039507
3294111903
2904915583
3257300833
3592952207
2455654845
3865989663
2947799702
3917851136
1751542664
3976551932
239828509
1550964145
3584426973
1474387560
2167141203
3297359067
1461864130
1653879797
3304965876
3503161808
1992404763
1749697540
2141908344
401033751
3707747082
4097567176
3666907710
3238176075
2956710282
3244912336
3255273737
1918555568
3557463800
1541170488
2859516978
2870860804
304628797
2114195510
2930141135
18983414
1562162055
2230897037
1453565069
3061022772
1599769963
214991080
175413296
2892489722
2631733084
3172616497
1950352636
3799374034
3162201162
2696158335
54723040
1419926468
466156617
3504747285
2298043618
3134258453
3477762315
2310976457
3541958997
3614731752
1466652849
3281348391
1083221778
3040698198
3985606210
3425420795
3419646077
1685070101
3131369368
3608318320
3118473832
3147885176
2339939707
3941292760
3317683612
1987727101
3023346056
2178481134
2948669696
3528043099
3020293935
3256900990
482070770
3097802248
253470763
1642752157
3120599742
2330123824
2986590553
3579436073
2959402278
1556216272
3065398673
2811277275
2189580648
1814529449
2871813363
254198387
3079872276
3230573218
3175088612
2673361300
3516903208
1500323383
2213108391
3558340325
3566655810
3893311421
3405414335
1714783913
2963011642
1490702691
3123614774
2516113013
2879063155
1484384809
3547887480
1278291053
3183979918
3014114957
2231464221
3624728347
1799868067
3062992940
3223041979
1565836622
1534621336
3872711689
3314211961
3307328740
3732493577
216329015
2308161714
3173675798
3027781468
1154836306
2306795427
2280719184
1582065936
3290671980
3124814472
3407660707
3562868348
1392716895
2028693946
2199293019
1608338629
1208068382
3452320717
2867887188
3174686074
1924814031
3184854323
3224311312
3230870513
2715390495
1523834514
3267859699
2262638423
3681773915
1401099583
2123127311
3012073865
3111646052
1795050960
2297961615
3104836111
1240153226
2520028514
3901819887
4068451945
2908333858
3010263293
3485110364
1383013795
3136195155
1500248
1578242151
4103491824
3678298775
1540191205
3265186636
3558348062
1903377411
2322235998
2204660130
3920412350
239331207
1176181158
1681829625
1539673887
2616137334
4059473170
3030302720
3401256793
3109845227
3312813658
1949122371
3236870433
2256602435
3420420170
3166243788
3696238079
2985601821
3494165512
3160336094
3184158163
3916342282
3561878689
3996294238
345875380
319076740
3277557446
3524646254
512757540
3274353272
3090893767
2368541473
3293202465
3030461105
2006419646
3470452349
3497788989
741923569
1489351462
1509576899
2186465575
3705218737
2013877046
2272100398
2094314617
2236724230
3435221869
3087735813
3170306660
2365274515
3255677618
3526833475
435496208
3587779994
299080446
3299932093
3912866699
2248022353
1008155354
2310469150
3073695908
2349667808
1759865501
3455320165
2285012269
3421917980
2112091923
1995344132
2056506182
2869073418
1982178235
2530645850
1731966877
738654673
3674924399
541515078
3612196527
3988941041
197085511
3136902114
3667835107
3300368111
2279510199
3270537505
3256648257
1134844451
2054674654
2891510396
2935149361
3543468088
266426317
3563798406
3414310184
3177143549
1817001705
2278213572
3778386921
3766779066
3961447683
1537505139
1659657969
1472210501
3096217625
2962927203
3313279627
3564587309
2928016632
3323657373
3283407736
2462533221
2273530134
243287029
1500615285
3587269430
1522518109
2134448881
1677794130
1215081768
3062577192
3620149176
3134957656
446057839
3246994236
3312488447
1454700922
2043629372
1127249698
526697209
2225371789
3871916819
3236097243
3169564664
3613986137
3258617484
1021479128
3142912288
2105695074
2952016783
1415175872
1967688724
1387334853
244360165
3183663786
2150361059
3036465614
1181042967
1946492641
354995896
319844074
3819281959
1544771418
1959147074
3970396935
3280786212
144183764
3636074658
2234428133
3647231019
254579634
1606878371
2997862004
1663304504
2364174607
2978482393
2227783887
2993096816
2204310028
3287293313
1455096137
3043765692
2931198192
2989504425
2955017121
307076152
3005523609
1581576204
1300249494
1967391894
3162450054
3547922419
3181778337
3185037423
2845270725
3557255464
2369097344
2439124968
3582970871
3205711958
2242523959
2240897765
3273765166
2527129728
2349154350
1809727832
2276287797
3044288119
3503554330
309492071
403411004
3409985037
3223162966
2280489464
3130254161
3534435789
2991554993
2985108745
3231001888
3095466842
1133582292
1050653731
1565435799
194151971
2366436472
3965565471
3100080152
3310796078
2131734019
3261625216
1271954824
3602557304
3180814963
1628175251
1101381140
2192123812
3410202118
3436453212
1836384264
3126218188
3078797627
1393963821
1297921251
3229170005
296352513
3315225933
3567645895
346005408
2526684510
3494825953
2067906065
3808304348
3054490748
2278747644
3266256948
1494557841
22015748
3936787007
3586731053
2964658761
3559283872
2064432100
3499875276
2203074055
1726533120
3044006337
2115623024
3965560528
1478114096
2229115959
3124299645
2061860886
2713823399
2268955019
1505482132
2981995562
2355274817
562458275
3064115164
3561293435
1489746134
3137885725
3166020837
3131844878
1635910108
2141668193
1462332403
3304065222
2139969535
1747254653
3254273311
178090385
2953896419
3678122882
3044363403
354902694
3045513731
3647759186
3584004808
3592533498
3197955888
1383109986
1597708903
3657373562
232252207
1424361097
3069806951
3303276820
3821129151
3936844225
1562319436
494748795
309246457
3283597368
3652070654
3174456174
3141672188
2292851871
1409968895
1580093856
3505882422
1323584188
3654782926
1966260184
1442381977
3133454103
3055254406
3276780821
3483113444
2122899255
3308345241
3290428564
3089480437
2983138331
3250306690
3535797178
3143549609
2264579694
3888477963
2269572620
426646386
3417073162
180483722
31535493
3958948940
2987351875
2219867098
3315511487
1327660290
1368661552
2345406816
2537560507
1650099687
2261296824
3529123157
3164994139
3262957501
3513499659
3293053991
2923323472
3432185271
3027445918
3535045541
2159508318
13000993
2199074314
1615120227
3590102036
3074550945
1289645246
3527075292
2259549419
3154516919
1997739462
2540955691
3407159391
2402279943
3241943204
3462106389
3964357988
1913734145
3180260413
1902095942
2337312345
2117438471
3964106775
938938260
2978190914
1482391253
2229433652
3578549959
3086670612
2155325630
1105479629
3237223889
3547533926
3297777998
1490007666
3260642973
1584657412
930122390
2325155491
1536346022
3252451560
1474004999
3707812414
1538949933
3833248511
3145037498
1656111193
1442141029
3859210745
1485667886
2934513215
2143837980
3526885548
3652110895
3678715200
3032448616
2218792882
2475949321
15035759
3473999682
3318777211
1554820471
1822546168
3179914748
3194427239
1618298613
3706419666
1831670415
3537874204
1070859248
1356259528
3768552331
3534316836
3262930693
3088114404
3551097955
3435094189
3134937969
2098291407
2300111782
3165712463
3296684124
3530066485
2079344294
2285343759
1385298039
3227952935
3410034428
2435402836
2604988289
3676761733
1746520486
2068723570
3545657061
3595894701
3009091524
2001299822
1479286382
1959367783
2320217714
1783669133
218386544
3141752456
3930659397
2355548675
2319338183
842696832
3922260397
3595410474
2372203648
2897827213
1926689344
1171380238
3242144601
3318745626
1390754204
2226782225
3613352238
3543738180
3268932545
1722342507
3050641590
1564297306
1377108640
3072694047
1370268829
1741063173
3610792115
3228607914
2288803868
338802231
3270964226
2320385129
3582566124
2352378293
2008891537
3123103444
1648816384
2017660011
1679860818
2002620420
3035440723
3591143961
3274133973
2658843165
2124693983
2069209355
1626318562
3239378496
2903182979
3137458203
3552335169
1815035890
3265648644
3310793985
2087307094
771752178
212713516
3416970114
2189177003
2311751624
1348335838
2208661502
2949373861
2128180519
2937890201
3063469042
3058521651
3322459053
286862984
345453389
3585203198
427156873
315315578
2183094257
3614323065
3113747230
3402914458
191170446
3567582878
2254569166
3171182228
1407580974
3103364141
2304139118
3291246737
3283520172
1449924472
3178013074
3102010375
2148020886
2211330813
3277861166
3929143057
706225515
2309171384
3807712207
3564588199
2165581082
3544805957
3265349885
1450831090
1091407057
3404252204
3310997022
2965527375
840525229
3290359238
2995573109
3596613110
1515848867
1587497121
2066294530
2211163081
2580402953
3938127572
3322521152
1412263200
2865812269
3566949677
3528562749
1512674726
2305505365
3313893796
335098396
2299435400
2941762285
3036802417
2056687666
1686156438
2012518264
1438556588
1462988034
2981316369
1428470329
2267061079
3321384659
3128285188
1389660466
1743446237
1735238896
2098207158
262290573
3596625204
3020167925
3266220235
2938536306
2998713905
2072604156
40188632
3663053852
4095803320
1528719576
312610659
3195538689
3959596862
2027661764
3268318459
1814832465
3650173807
2044693453
2265076078
3263274017
3979373596
4099122198
2159204789
3605013847
2899560463
2259029190
3994303066
3236636861
2422201487
320108377
1228267756
2279594018
2291616205
759500416
2085125049
3519236545
1694173109
3260675074
3263278471
3121645816
225287937
3484895322
1546348914
2880016038
2256677408
2255280010
2929710362
3283411974
2278523111
3515424143
2915378423
2234216482
3041054909
3058117449
2983291971
1755423718
2868845118
3112330969
1611656399
3896869092
2711803482
3126339730
633257475
3180773840
1813580636
3193638850
1650658895
3466926913
3909628708
2118107366
1940886717
3243907534
1405324828
2943559944
284406637
1256644445
3812825322
558183960
2910529931
2532057581
49796062
4102699000
4088680554
3434647991
3557896432
3692742992
3638432781
3589759427
3083311446
4018895521
3984953851
360555241
1476811776
3125766312
504027873
3167519504
3505487934
3053918393
1095794514
3556424646
2890885390
3557554702
4093107696
2260382617
1819294901
1808800236
3089829249
1306324499
2033251081
1786345375
2271956591
511335917
2048642287
2013391690
3530574952
1638640357
1913444321
3270781436
11233657
2230584382
2913853909
3268347783
3656448129
1799282401
2475463014
1159021607
3526380279
3438074645
1108081058
3858816320
3268669582
2962285645
3551875996
3628754515
3521571082
1954486279
1952864852
1811645504
2272007767
3268910811
3871684247
3964749821
1720230331
2231016760
3246848229
3550458528
1563713728
3261438610
1393451942
3141862633
2154577690
1272039933
3897127192
1998437646
1637907785
3874895184
3611441383
3196121816
2204858596
302421862
3546626448
3501119383
2166368127
2524622778
1577166862
3538182229
2160261097
1022385701
3099743672
3648710176
3265960318
218160519
3673825858
1560332889
278213277
3304421540
3254804903
1299972870
1329543341
1368887505
2177834798
1777665992
2226424923
3071804744
2217970889
2849953785
3123723184
3244913973
2284441562
1486720255
2200293220
3241784749
3238595145
1642711353
3261540103
3230960091
3010629217
1308493987
3045578785
200086890
3695386062
2368664523
3506996457
3103984429
1720431856
254416788
2020239492
1707021450
3903661245
2276405474
3929346102
2305920517
3515416640
3631760907
1989720374
290820114
3187423647
2233839217
2322223914
2118251747
2868020775
3148412795
2247155180
3522124266
3616982868
3000611450
3304066997
2874224003
3408368914
2872565635
1563419959
1331049898
1975974935
3652801697
3036423793
2277722136
1828887252
2285598939
2458712442
1047708298
1781246576
303369751
1537754227
3733430309
3033266756
3272935668
3615471933
3234030095
2625977942
555056357
1603880970
1642741645
2007954566
2010120842
3541652024
3312663266
3546396339
3632178642
2548361673
2239632069
2872666066
1957117334
2098462874
2287628704
3536596454
3098208920
3595626786
2933859383
1408721775
3627615165
2316707696
990736753
1608202520
1256698430
2087249735
3560734845
1662878819
3572145826
245896872
653130309
2255458973
1146724599
3886036157
2299544766
3263207286
3875460786
1615909023
605424446
2258486278
333632235
3541023993
3549371798
1523274161
3678817168
1971528233
226111188
2278815031
3246789198
1626510990
260696945
3687973676
2979272331
3508107673
3005493008
2250990184
3186089344
1709361280
3239673789
2252822287
2274767172
2177261729
3635386133
2300334813
2135857627
2393670817
3557019792
3141211805
753604965
3581613743
1445110239
2015891866
2373780883
2222393823
3174337853
3401386170
3283258212
3248256869
2949154788
2247670668
3606267217
1424990542
3586210376
2324134524
3268765980
223098636
3114066374
3091324722
3745703783
3075901400
373483362
196395038
1106920508
3520036055
3238209978
1744868743
3251776493
2030224211
3019842596
870908558
3258283472
3438090302
2119377674
3524315016
384444933
1454794551
1708193692
2964854277
1995659739
1602806932
3178071757
290141313
2524174504
1078649331
3444843895
3308220675
1006412915
3238929629
2118616912
1687954127
3275708712
2124772944
2451132869
1520744171
1601686769
208418749
2308994309
2247638505
2277635234
1979489705
3319540431
3243901494
3320585481
3309774060
2265715234
1417323598
3019736934
215231541
2225994068
278320052
3590454264
1932271240
3578042184
2261126123
3836546481
1267654196
3600359663
4035756065
1397820719
3416728753
2210547785
4086680151
2138257784
3920637191
2463310396
3423628620
3460819574
2302424452
3632057257
2868281595
2101749506
3194026867
989428572
3751848543
217833323
3676664885
53815470
3499208022
1798675394
1788050913
1958494894
3617835375
3634301792
3257779027
702732380
654844530
3202186117
2007667009
3022323272
3043408215
2524624448
3131173204
1347120648
2990181447
3612569775
756751578
3636610869
1412978499
311547418
2360225369
3028415978
3965495414
2267835491
1101162118
1462919651
3657149619
3586025130
1437806872
3296594681
3320222473
2811442925
3319622625
1362201333
3287399052
2605296852
2317027560
1295950148
1525409961
1099853224
1098356189
1411511830
1321473029
1438257786
3036985333
2174558786
3584956241
3212743222
2303040354
3445818650
337037078
411828652
272761514
1093410071
3155731575
2377118118
2236841561
2047528771
3646497081
1822960756
3237193477
595722756
2183248995
2257549431
3019299109
3266931676
1762612416
3407079688
189814745
587319049
3567261745
2580156630
1058399
2898582278
3248040302
2178361297
3111604804
2982960130
3526163317
2290725779
1471986739
2237579040
3937576010
3201867549
1906266112
2327455628
1973064026
2525459637
1530370325
2305816798
1487460538
2993645356
3240811256
3273361225
3513636851
252667873
3218612814
3965911739
3586007110
3273873127
3914274792
3443771006
1283394960
1606606299
3299972246
2151334423
3165403393
3662291102
3612987375
2135209241
3560503328
1913364861
2282192081
2258317372
3968351412
212197059
21149385
3802604245
2075076311
3311073358
3402569346
898221970
3226487441
2070889853
3676408921
3321436759
2137032875
2239771937
3560057885
3159148025
2124513809
2371032648
3170509627
3627946506
2895913166
2256050894
3418060264
1718441426
1463687371
1322613389
376886503
1654119437
1637901704
3253282028
3320727318
3101506353
2912502072
3309796781
1198220802
2141835194
3158976884
1925114994
3514923245
3185229580
2081926199
2190645196
3284216114
2030351630
1520813873
2078901492
2354213062
2955018253
1960328748
1008478456
3193091053
3875314351
3301859909
3682757570
3628761735
3644083908
3433990952
3278027359
575897368
3429041485
3525551442
3533123086
2320351934
1261986281
3283255370
3274030770
3478167496
3296595230
1263690231
1616657045
3145779579
2231532260
3125147062
3537296630
2314455681
760257095
1597102392
2231266078
3194446534
1610144382
3104963306
3599723033
3524591796
240300811
3301129995
511861726
1608728737
3222735623
256827870
1914698978
1641504088
627600120
1690146182
3251099858
1283703868
3709730032
1410911792
1227384927
3522289464
3105410881
3823144044
276974508
3252425141
2935524215
3117456549
